10.8532347333,106.7715075850
10.8532349200,106.7715075917
10.8532349150,106.7715076133
10.8532332250,106.7715075283
10.8532231333,106.7715071550
10.8532076517,106.7715076783
10.8531935000,106.7715073533
10.8531769283,106.7715058100
10.8531596800,106.7715041150
10.8531421783,106.7715028283
10.8531241267,106.7715006733
10.8531055550,106.7714992817
10.8530865450,106.7714973417
10.8530674100,106.7714955083
10.8530484017,106.7714926633
10.8530318317,106.7714902833
10.8530154283,106.7714883167
10.8529969650,106.7714863433
10.8529804633,106.7714845683
10.8529633350,106.7714827750
10.8529441800,106.7714816150
10.8529255050,106.7714793033
10.8529058900,106.7714759500
10.8528889517,106.7714737300
10.8528722483,106.7714715467
10.8528536300,106.7714693983
10.8528351917,106.7714672250
10.8528188300,106.7714653167
10.8528022633,106.7714638633
10.8527823550,106.7714617783
10.8527615083,106.7714598300
10.8527422033,106.7714576783
10.8527200083,106.7714552483
10.8527006200,106.7714527017
10.8526784500,106.7714502700
10.8526582467,106.7714477983
10.8526376650,106.7714447517
10.8526136967,106.7714416667
10.8525878783,106.7714388100
10.8525677000,106.7714366967
10.8525436650,106.7714338750
10.8525214117,106.7714316300
10.8524950550,106.7714287983
10.8524716850,106.7714260150
10.8524470967,106.7714220217
10.8524246517,106.7714191367
10.8524025417,106.7714170233
10.8523805300,106.7714145883
10.8523585133,106.7714127233
10.8523368317,106.7714106200
10.8523174633,106.7714080700
10.8522950567,106.7714058817
10.8522744933,106.7714042367
10.8522494150,106.7714014133
10.8522272283,106.7713986183
10.8522018367,106.7713960217
10.8521753900,106.7713929900
10.8521482967,106.7713900483
10.8521211250,106.7713863433
10.8520963167,106.7713830233
10.8520695300,106.7713803533
10.8520427967,106.7713767833
10.8520155567,106.7713734317
10.8519882450,106.7713709700
10.8519610267,106.7713681200
10.8519341450,106.7713652733
10.8519070333,106.7713615350
10.8518831683,106.7713589350
10.8518591550,106.7713563367
10.8518313933,106.7713525783
10.8518032900,106.7713494167
10.8517752967,106.7713458600
10.8517463917,106.7713422950
10.8517173833,106.7713391967
10.8516891850,106.7713361233
10.8516612783,106.7713333167
10.8516329400,106.7713306633
10.8516054900,106.7713270517
10.8515795800,106.7713242800
10.8515546700,106.7713213267
10.8515307350,106.7713190217
10.8515063967,106.7713191617
10.8514832700,106.7713242317
10.8514633700,106.7713351683
10.8514460117,106.7713525983
10.8514319550,106.7713741733
10.8514203067,106.7713974883
10.8514100900,106.7714206017
10.8514018367,106.7714423783
10.8513960817,106.7714627283
10.8513895117,106.7714819183
10.8513833967,106.7715031783
10.8513762750,106.7715271767
10.8513693350,106.7715533300
10.8513620083,106.7715809117
10.8513541150,106.7716087217
10.8513463683,106.7716360450
10.8513390500,106.7716626633
10.8513316883,106.7716890150
10.8513243300,106.7717161850
10.8513169217,106.7717429483
10.8513102367,106.7717692833
10.8513038933,106.7717947383
10.8512997250,106.7718187800
10.8512961267,106.7718409383
10.8512937350,106.7718631433
10.8512914133,106.7718872400
10.8512885167,106.7719116600
10.8512859683,106.7719355417
10.8512834333,106.7719593567
10.8512810200,106.7719835700
10.8512778950,106.7720077183
10.8512747283,106.7720313850
10.8512714000,106.7720552050
10.8512687267,106.7720780867
10.8512664650,106.7720997750
10.8512640050,106.7721204833
10.8512615050,106.7721409967
10.8512586333,106.7721618267
10.8512561550,106.7721836217
10.8512545167,106.7722060850
10.8512528500,106.7722292717
10.8512503133,106.7722534933
10.8512476017,106.7722774867
10.8512447350,106.7723000267
10.8512414200,106.7723213700
10.8512383567,106.7723431433
10.8512362667,106.7723679267
10.8512339733,106.7723945833
10.8512309567,106.7724220967
10.8512280633,106.7724460317
10.8512247533,106.7724718317
10.8512223567,106.7724936317
10.8512203983,106.7725138317
10.8512186900,106.7725349250
10.8512167533,106.7725568383
10.8512148500,106.7725780183
10.8512138750,106.7725976833
10.8512145983,106.7726136417
10.8512181933,106.7726314317
10.8512259583,106.7726489433
10.8512385667,106.7726644217
10.8512557617,106.7726763017
10.8512769217,106.7726844333
10.8513019067,106.7726906950
10.8513287267,106.7726972717
10.8513567300,106.7727018933
10.8513853000,106.7727068800
10.8514131400,106.7727104117
10.8514403333,106.7727138233
10.8514633017,106.7727167050
10.8514895533,106.7727198600
10.8515151467,106.7727232233
10.8515409250,106.7727264483
10.8515662067,106.7727294433
10.8515920750,106.7727326750
10.8516190983,106.7727356183
10.8516464683,106.7727386633
10.8516737833,106.7727416683
10.8517006100,106.7727445550
10.8517268450,106.7727469850
10.8517529800,106.7727495500
10.8517792933,106.7727529317
10.8518059283,106.7727557267
10.8518323317,106.7727591133
10.8518557117,106.7727620033
10.8518823283,106.7727653683
10.8519091633,106.7727684800
10.8519361100,106.7727716867
10.8519630767,106.7727746817
10.8519895500,106.7727779750
10.8520153217,106.7727811433
10.8520406550,106.7727839667
10.8520663233,106.7727875617
10.8520917133,106.7727903517
10.8521163917,106.7727933233
10.8521404800,106.7727963067
10.8521626783,106.7727989517
10.8521835250,106.7728014817
10.8522041650,106.7728039883
10.8522243367,106.7728062083
10.8522445250,106.7728082367
10.8522657300,106.7728108233
10.8522844500,106.7728128300
10.8523032033,106.7728147583
10.8523203967,106.7728169150
10.8523360050,106.7728184433
10.8523545917,106.7728210250
10.8523746033,106.7728231267
10.8523960750,106.7728257767
10.8524206800,106.7728282250
10.8524485917,106.7728318150
10.8524733350,106.7728353617
10.8525021700,106.7728385100
10.8525302417,106.7728418567
10.8525570717,106.7728454783
10.8525827800,106.7728491100
10.8526050550,106.7728517517
10.8526292383,106.7728544517
10.8526547500,106.7728561083
10.8526817417,106.7728590533
10.8527090717,106.7728622733
10.8527372550,106.7728656700
10.8527676733,106.7728690000
10.8527982733,106.7728727283
10.8528286167,106.7728757483
10.8528589800,106.7728792200
10.8528907867,106.7728824783
10.8529237717,106.7728865850
10.8529524250,106.7728898333
10.8529847117,106.7728927767
10.8530116567,106.7728959650
10.8530402350,106.7729000633
10.8530670183,106.7729036183
10.8530933033,106.7729070100
10.8531194550,106.7729100200
10.8531449983,106.7729112483
10.8531695650,106.7729099800
10.8531931283,106.7729038233
10.8532143050,106.7728906550
10.8532298950,106.7728690717
10.8532370350,106.7728446200
10.8532413067,106.7728139483
10.8532446683,106.7727820917
10.8532486817,106.7727504433
10.8532521583,106.7727228783
10.8532557050,106.7726927283
10.8532592533,106.7726655333
10.8532621333,106.7726410383
10.8532661967,106.7726178683
10.8532751250,106.7725954033
10.8532916433,106.7725752750
10.8533146683,106.7725642050
10.8533399867,106.7725626250
10.8533618883,106.7725643750
10.8533888083,106.7725668150
10.8534161383,106.7725696900
10.8534437600,106.7725725533
10.8534709383,106.7725752533
10.8534978500,106.7725747617
10.8535216500,106.7725694617
10.8535406717,106.7725541067
10.8535527967,106.7725291283
10.8535594650,106.7725006467
10.8535647850,106.7724704700
10.8535703800,106.7724393500
10.8535764817,106.7724082383
10.8535821883,106.7723781800
10.8535876633,106.7723472983
10.8535930967,106.7723166917
10.8535968967,106.7722904233
10.8536018117,106.7722610183
10.8536061100,106.7722350583
10.8536115383,106.7722054000
10.8536161467,106.7721765267
10.8536195400,106.7721469467
10.8536234600,106.7721173133
10.8536272600,106.7720872533
10.8536318217,106.7720575100
10.8536350600,106.7720266167
10.8536385750,106.7719955033
10.8536409367,106.7719678500
10.8536445900,106.7719396617
10.8536479033,106.7719140533
10.8536501517,106.7718939683
10.8536510583,106.7718764550
10.8536534183,106.7718583833
10.8536558183,106.7718396600
10.8536587200,106.7718154733
10.8536624633,106.7717895450
10.8536650200,106.7717611450
10.8536684017,106.7717329017
10.8536717350,106.7717052050
10.8536751383,106.7716774733
10.8536784250,106.7716502317
10.8536825800,106.7716239450
10.8536825883,106.7715994500
10.8536759933,106.7715800650
10.8536571333,106.7715703883
10.8536357900,106.7715608833
10.8536139417,106.7715513550
10.8535860483,106.7715487767
10.8535590000,106.7715449550
10.8535304550,106.7715426383
10.8535032233,106.7715392517
10.8534755033,106.7715352383
10.8534472583,106.7715318517
10.8534169133,106.7715279483
10.8533875967,106.7715240717
10.8533585083,106.7715207467
10.8533308450,106.7715186350
10.8533051417,106.7715155333
10.8532833567,106.7715132833
10.8532690483,106.7715119067
10.8532646433,106.7715112667
10.8532597567,106.7715103117
10.8532591483,106.7715101683
10.8532591933,106.7715101633
10.8532591250,106.7715102833
