11872447.353716604,1206817.5076159323
11872447.35075882,1206817.504647028
11872447.351314794,1206817.5031681352
11872447.350936731,1206817.4942725413
11872447.353538694,1206817.4994653442
11872447.351492707,1206817.5061370397
11872447.35427258,1206817.502423129
11872447.352604656,1206817.4996432562
11872447.354094667,1206817.4951954589
11872447.357241485,1206817.4913036365
11872447.353538694,1206817.5052030024
11872447.354650643,1206817.498720338
11872447.353349663,1206817.4974193575
11872447.35538453,1206817.5204033488
11872447.375777679,1206817.5760008122
11872447.401530424,1206817.5871203048
11872447.399495557,1206817.5574646178
11872447.391711913,1206817.524851146
11872447.380959362,1206817.4942725413
11872447.37948047,1206817.4900137754
11872447.376511564,1206817.4913036365
11872447.376144622,1206817.4790721945
11872447.373731693,1206817.463326993
11872447.36521416,1206817.4227408448
11872447.348156858,1206817.3285921002
11872447.347600885,1206817.1970151437
11872447.342975175,1206817.025218982
11872447.363357205,1206816.803941078
11872447.324628012,1206816.557455284
11872447.353905637,1206816.3513777265
11872447.402642373,1206816.1388063852
11872447.434332928,1206815.948474029
11872447.446008394,1206815.7807587215
11872447.491976377,1206815.5646736205
11872447.542381037,1206815.3363459583
11872447.578152446,1206815.1534303038
11872447.615580657,1206814.929561558
11872447.678038849,1206814.6982761105
11872447.74438886,1206814.51221364
11872447.784975007,1206814.3765558293
11872447.832410764,1206814.2401530128
11872447.86187742,1206814.053345536
11872447.933598148,1206813.8218710572
11872447.983268922,1206813.5887397742
11872448.007364862,1206813.3741335657
11872448.087047145,1206813.1283927776
11872448.155254114,1206812.8711544343
11872448.219747173,1206812.604842585
11872448.299985431,1206812.3589238853
11872448.373752145,1206812.1037315289
11872448.393022226,1206811.8655853544
11872448.438801179,1206811.6126168964
11872448.450287612,1206811.420249673
11872448.46900172,1206811.175809866
11872448.492352655,1206810.9159806806
11872448.497545457,1206810.663201254
11872448.502916172,1206810.4061519422
11872448.50254923,1206810.1529944525
11872448.504773127,1206809.9181952453
11872448.508298008,1206809.6813500517
11872448.52181931,1206809.4368991249
11872448.531459909,1206809.1989419821
11872448.544058295,1206808.9900845513
11872448.543880383,1206808.7717755518
11872448.523676265,1206808.5414130222
11872448.516637627,1206808.3114285555
11872448.495877532,1206808.0866257723
11872448.479387324,1206807.838850117
11872448.469935756,1206807.5669785216
11872448.467155885,1206807.3614458193
11872448.44861969,1206807.162962875
11872448.429527521,1206806.8840526405
11872448.434720324,1206806.592910964
11872448.38264774,1206806.2391220662
11872448.385427613,1206805.9904123738
11872448.352247046,1206805.6149515843
11872448.332976967,1206805.3595701964
11872448.289421914,1206804.968720029
11872448.281460356,1206804.635691224
11872448.25550746,1206804.3071102158
11872448.220481057,1206803.9790851818
11872448.195095258,1206803.649948199
11872448.175825177,1206803.3967907096
11872448.143945592,1206803.0229978445
11872448.112811012,1206802.7811488789
11872448.072969869,1206802.4644212497
11872448.032939697,1206802.1378862283
11872447.991797572,1206801.8055913094
11872447.94916544,1206801.5320517898
11872447.919698782,1206801.1741931573
11872447.884494469,1206800.8330137641
11872447.858730605,1206800.4970160543
11872447.826484075,1206800.2108781494
11872447.79960826,1206799.8546763214
11872447.759400176,1206799.4953387964
11872447.734381316,1206799.1289515132
11872447.69045932,1206798.836319825
11872447.650985122,1206798.4484385622
11872447.562029181,1206797.9947632614
11872447.51866316,1206797.677668689
11872447.475297138,1206797.286818522
11872447.408391152,1206796.8670576739
11872447.343153087,1206796.4532235155
11872447.277370168,1206796.1148239952
11872447.213244054,1206795.7562203568
11872447.127257017,1206795.3245950101
11872447.087226843,1206794.8770354302
11872447.053123359,1206794.4455991148
11872446.94507525,1206793.9904449217
11872446.922469322,1206793.6116371648
11872446.919500418,1206793.1475873778
11872446.926172111,1206792.7226337267
11872446.923025295,1206792.4162917035
11872446.880026218,1206792.01988179
11872446.840185074,1206791.6327455335
11872446.814977186,1206791.3126820566
11872446.78922444,1206791.02154038
11872446.76883129,1206790.7437420948
11872446.737329768,1206790.4511104063
11872446.677095477,1206790.1306799864
11872446.598892085,1206789.6997996457
11872446.570904322,1206789.3202580025
11872446.512349073,1206788.919400292
11872446.443775162,1206788.515573677
11872446.398552185,1206788.170502461
11872446.340363879,1206787.8093079808
11872446.28143057,1206787.4560750574
11872446.255488792,1206787.0190789958
11872446.203227177,1206786.6100706968
11872446.153367372,1206786.2876054097
11872446.090920301,1206785.8609838346
11872446.07849983,1206785.4345512907
11872446.03087504,1206784.9979221723
11872445.97194173,1206784.4925412307
11872445.918012189,1206784.076305262
11872445.863526678,1206783.6665519571
11872445.821639547,1206783.2623583989
11872445.741023226,1206782.8983840456
11872445.692464402,1206782.4560061493
11872445.63835695,1206782.0846150944
11872445.597948713,1206781.7280574425
11872445.583493372,1206781.3864999863
11872445.537725542,1206781.0367919423
11872445.492691595,1206780.7625074168
11872445.450615436,1206780.4695087848
11872445.42226073,1206780.0178794707
11872445.36110352,1206779.6674264204
11872445.323853219,1206779.3735048708
11872445.275672458,1206778.9974769875
11872445.213959273,1206778.531759276
11872445.16095265,1206778.1533184627
11872445.094613759,1206777.8580959325
11872445.060877219,1206777.4833690298
11872445.00972755,1206777.0458169933
11872444.990646502,1206776.77543541
11872444.945234494,1206776.4236813788
11872444.873891829,1206776.0763862645
11872444.845159061,1206775.7285351753
11872444.79105161,1206775.3702984801
11872444.758982992,1206775.0041002284
11872444.728782449,1206774.6289952628
11872444.700049682,1206774.2446388796
11872444.662243405,1206773.749443393
11872444.6413054,1206773.354890435
11872444.599607304,1206772.8728604277
11872444.564580902,1206772.4336404675
11872444.53325729,1206772.0031270701
11872444.500454787,1206771.5679879638
11872444.451718051,1206771.127467023
11872444.435594788,1206770.7918473757
11872444.364241002,1206770.2175255797
11872444.287705535,1206769.6546902193
11872444.187819133,1206769.0805574546
11872444.104233906,1206768.6187315658
11872444.0482695,1206768.1357675213
11872444.010830168,1206767.6589303175
11872443.980618505,1206767.2658562518
11872443.941144308,1206766.7977256107
11872443.891484652,1206766.3244021665
11872443.858493118,1206765.8625762775
11872443.784737522,1206765.38888589
11872443.746553186,1206764.9144504964
11872443.67279759,1206764.3262293348
11872443.613864278,1206763.833079835
11872443.588478478,1206763.3247411083
11872443.539363679,1206762.937593732
11872443.477461463,1206762.4177574501
11872443.421130113,1206761.8982881114
11872443.348664379,1206761.3634405143
11872443.275275728,1206760.807465881
11872443.175756268,1206760.1173234493
11872443.090325207,1206759.5565229561
11872443.002848158,1206759.0457712996
11872442.889796276,1206758.5861693092
11872442.872005086,1206758.0122144565
11872442.867190346,1206757.4621665129
11872442.802330345,1206756.938994383
11872442.73709228,1206756.5305420589
11872442.669452408,1206756.011450783
11872442.611442015,1206755.5071817904
11872442.54472506,1206754.9962411027
11872442.47652921,1206754.4287689142
11872442.148315147,1206752.8435073227
11872442.108474005,1206752.3295977302
11872442.063251028,1206751.8609111144
11872442.034340346,1206751.4980487102
11872442.039533148,1206751.2104207936
11872442.005796608,1206750.8516281238
11872441.968368396,1206750.4833950046
11872441.9520561,1206750.1740840774
11872441.919064566,1206749.7745273474
11872441.862733215,1206749.348461747
11872441.770997401,1206748.8662427086
11872441.72892124,1206748.4613152638
11872441.651462855,1206747.8599286224
11872441.584367836,1206747.2079594089
11872441.523399659,1206746.7572530129
11872441.509500293,1206746.302832706
11872441.412393762,1206745.5952660295
11872441.339372056,1206745.0064888927
11872441.26431548,1206744.4223374652
11872441.188146954,1206743.7377547799
11872441.143858016,1206743.1702825911
11872441.099746987,1206742.6278403804
11872441.0424816,1206742.0868770622
11872440.983359259,1206741.5646278504
11872440.919244263,1206741.0555441177
11872440.85993289,1206740.6548754384
11872440.812497133,1206740.2490139562
11872440.74114335,1206739.7634590701
11872440.663673844,1206739.2795721078
11872440.57935473,1206738.8164452384
11872440.540625539,1206738.3833409993
11872440.479468329,1206737.9474568865
11872440.447399711,1206737.5960809186
11872440.388288489,1206737.1613087554
11872440.347324276,1206736.8431133532
11872440.306182155,1206736.4850656893
11872440.28024038,1206736.161855396
11872440.240766179,1206735.8868369842
11872440.22853474,1206735.656285423
11872440.195732234,1206735.3201098016
11872440.143103674,1206734.9552014107
11872440.103807388,1206734.5687990407
11872440.056549544,1206734.1321810416
11872440.018187296,1206733.692027044
11872439.980759082,1206733.242065654
11872439.914042126,1206732.734082751
11872439.876602795,1206732.29838767
11872439.82322923,1206731.8914142381
11872439.774303462,1206731.4844408068
11872439.726856586,1206731.095447595
11872439.681644728,1206730.7229445907
11872439.639012596,1206730.4203053587
11872439.604542168,1206730.1193340512
11872439.558585305,1206729.7377575405
11872439.50891453,1206729.3437494375
11872439.465370597,1206728.9473395238
11872439.39846461,1206728.4604947767
11872439.369742962,1206727.9556698098
11872439.31209951,1206727.446586077
11872439.277818115,1206727.0160726795
11872439.247428542,1206726.5905630537
11872439.169959035,1206726.0525686403
11872439.089898689,1206725.588885796
11872439.048756566,1206725.1452180387
11872438.955163796,1206724.7100789323
11872438.889936853,1206724.261963378
11872438.833594382,1206723.9237417697
11872438.801158821,1206723.451352363
11872438.728882119,1206723.1262851143
11872438.65938529,1206722.6942928242
11872438.61120453,1206722.1342484565
11872438.622324022,1206721.680940099
11872438.579324944,1206721.3017653993
11872438.514097998,1206720.8173224623
11872438.477214644,1206720.2037154988
11872438.436072519,1206719.8039697376
11872438.415501459,1206719.2719020133
11872438.34489268,1206718.6165969523
11872438.290218135,1206718.1727401637
11872438.222211318,1206717.5153891158
11872438.150301559,1206716.8563812634
11872438.075989988,1206716.287241151
11872438.01723459,1206715.7040237607
11872437.942178013,1206715.137863672
11872437.897889076,1206714.5527893268
11872437.858047932,1206713.9760546007
11872437.803740332,1206713.4017328045
11872437.757594436,1206712.9387949666
11872437.752968727,1206712.4791929761
11872437.712560492,1206711.9117207876
11872437.661232913,1206711.373726374
11872437.618044803,1206710.859449838
11872437.574867813,1206710.4563682291
11872437.534648608,1206709.9524661798
11872437.474236405,1206709.4635865656
11872437.393809114,1206708.9693251166
11872437.34655127,1206708.3933353964
11872437.273340529,1206707.809006057
11872437.181793747,1206707.3510608713
11872437.138238695,1206706.9639246145
11872437.090057932,1206706.4776247223
11872437.014812326,1206705.9005230532
11872436.956990965,1206705.40941954
11872436.904362405,1206705.012631564
11872436.838946428,1206704.5152232985
11872436.780569093,1206704.0278225765
11872436.747210614,1206703.5491284174
11872436.663258445,1206702.946451915
11872436.573001524,1206702.4345771894
11872436.504983587,1206701.988129559
11872436.422888372,1206701.4657024352
11872436.36506701,1206700.995536927
11872436.283894714,1206700.540371614
11872436.2570189,1206700.0390715264
11872436.229042258,1206699.6515572069
11872436.259798774,1206699.2666337295
11872436.238493826,1206698.8263018199
11872436.204579374,1206698.3083224932
11872436.16343725,1206697.8249915054
11872436.110430628,1206697.3114599758
11872436.042045748,1206696.7977394147
11872435.991452059,1206696.2526952429
11872435.951232852,1206695.8258957558
11872435.854682297,1206695.2802956093
11872435.807057511,1206694.8523841733
11872435.785185467,1206694.2372871973
11872435.736626646,1206693.7693455876
11872435.654164486,1206693.2053982783
11872435.592262272,1206692.7300399668
11872435.538888706,1206692.282480387
11872435.473283699,1206691.7483777958
11872435.420833053,1206691.2948915265
11872435.354305128,1206690.804143837
11872435.278325636,1206690.2222274276
11872435.221794132,1206689.8374929812
11872435.131726243,1206689.2561325466
11872435.09280802,1206688.741477948
11872435.047774073,1206688.3345045166
11872434.98736187,1206687.82133993
11872434.933988307,1206687.1899417778
11872434.883583646,1206686.772960803
11872434.834279815,1206686.2497886731
11872434.79184783,1206685.7154970507
11872434.751628626,1206685.187321149
11872434.713266375,1206684.6747125373
11872434.66693145,1206684.162292957
11872434.613746917,1206683.7512386716
11872434.543505082,1206683.2291784908
11872434.500884065,1206682.7169368223
11872434.453070248,1206682.304036701
11872434.406001436,1206681.7888372478
11872434.35614163,1206681.2769625222
11872434.310373798,1206680.755091373
11872434.228456495,1206680.2350660597
11872434.17619488,1206679.8242008057
11872434.116705595,1206679.301773682
11872434.038124138,1206678.6659277328
11872433.990499353,1206678.1297791551
11872433.92174753,1206677.586224995
11872433.859845314,1206677.0402579054
11872433.790348485,1206676.4879860631
11872433.72622237,1206675.9453548212
11872433.666922117,1206675.3762258282
11872433.603730038,1206674.8094986454
11872433.541638793,1206674.2383236657
11872433.47881366,1206673.6588201858
11872433.42137036,1206673.0807844794
11872433.085739592,1206671.238473576
11872432.994559752,1206670.5294168873
11872432.916545393,1206669.8094297375
11872432.827767363,1206669.2269573533
11872432.742525332,1206668.6561604363
11872432.681546034,1206668.0773908428
11872432.628550533,1206667.51659035
11872432.56701526,1206667.0757024658
11872432.512351833,1206666.5430787671
11872432.478804324,1206666.0076751953
11872432.438029146,1206665.4817231924
11872432.392817287,1206664.9731954345
11872432.314424865,1206664.3579205468
11872432.269946894,1206663.839374126
11872432.190620434,1206663.3271435767
11872432.115007883,1206662.7939639036
11872432.0725759,1206662.3660413479
11872431.993627502,1206661.7971013861
11872431.929868331,1206661.2105481483
11872431.824978156,1206660.6393731683
11872431.736389158,1206660.0415114064
11872431.646321267,1206659.4332751576
11872431.61426377,1206658.7859427729
11872431.540508175,1206658.1432360967
11872431.439687734,1206657.3906243553
11872431.37408273,1206656.9169339675
11872431.287717627,1206656.3112996803
11872431.21081522,1206655.7291942392
11872431.131310845,1206655.1721076567
11872431.036606127,1206654.6372600596
11872430.945615318,1206654.0308696465
11872430.89316467,1206653.6455792258
11872430.840158049,1206653.1806065205
11872430.77307415,1206652.7122868479
11872430.710438048,1206652.2862212474
11872430.622594057,1206651.8836956131
11872430.621293077,1206651.4804360922
11872430.598865058,1206651.075864471
11872430.566440618,1206650.6827904053
11872430.517325819,1206650.3106654638
11872430.481932474,1206649.9387184342
11872430.41910734,1206649.4863329947
11872430.394266395,1206649.126439495
11872430.351456346,1206648.7617201358
11872430.325147627,1206648.4735362441
11872430.286229404,1206648.1216043015
11872430.262322493,1206647.7772669722
11872430.2341457,1206647.4991017438
11872430.195605537,1206647.1592122114
11872430.153907439,1206646.8230365897
11872430.12869955,1206646.5643193538
11872430.090704244,1206646.2494486799
11872430.051419077,1206645.9444076377
11872430.020284496,1206645.6497410822
11872429.995454669,1206645.3543295204
11872429.958571311,1206645.0637438188
11872429.930961613,1206644.783721635
11872429.907232614,1206644.5618877562
11872429.873696225,1206644.3020585713
11872429.837924818,1206644.0081370217
11872429.796593664,1206643.7477518618
11872429.781404436,1206643.4910806126
11872429.760088367,1206643.2853699985
11872429.733590616,1206643.054084551
11872429.69912019,1206642.8366984695
11872429.66056891,1206642.6050349593
11872429.635183107,1206642.332985452
11872429.617569832,1206642.103178897
11872429.56697614,1206641.7258611522
11872429.535107672,1206641.3739292093
11872429.499336267,1206641.083332388
11872429.462641938,1206640.6146457721
11872429.436511131,1206640.2082283155
11872429.414461177,1206639.7923592897
11872429.382581592,1206639.3681506447
11872429.327540103,1206638.9433860248
11872429.295849549,1206638.5202893289
11872429.261935096,1206638.0992386197
11872429.230611486,1206637.8470040483
11872428.818634283,1206637.1694600016
11872428.794549461,1206636.755625843
11872428.778793141,1206636.334019159
11872428.782873996,1206635.920551944
11872428.792881537,1206635.5176593664
11872428.817522334,1206635.0936397526
11872428.831054755,1206634.7127971288
11872428.841062298,1206634.3886639175
11872428.867004076,1206634.002817522
11872428.887208194,1206633.6049175966
11872428.911115104,1206633.2340825163
11872428.95522613,1206632.8793707003
11872429.000071045,1206632.5954566943
11872429.055112533,1206632.245192675
11872429.133138014,1206631.9151327745
11872429.19540717,1206631.5895095512
11872429.27917031,1206631.2672332954
11872429.3438524,1206631.0031453446
11872429.427804569,1206630.6966142904
11872429.508598803,1206630.4590352098
11872429.607195344,1206630.1610328066
11872429.704857849,1206629.9180718919
11872429.822357528,1206629.6087609646
11872429.930216607,1206629.35987336
11872430.08422158,1206629.0566781536
11872430.20561308,1206628.8126052895
11872430.383335933,1206628.511078007
11872430.568475485,1206628.2036240348
11872430.765479535,1206627.9067335806
11872431.003058618,1206627.6094761833
11872431.251212334,1206627.3048020843
11872431.503624817,1206626.99827103
11872431.786248963,1206626.692674013
11872432.077579672,1206626.3855869842
11872432.387624484,1206626.0731292404
11872432.656527176,1206625.8448126973
11872433.004389385,1206625.558118818
11872433.304793598,1206625.3368409139
11872433.677674664,1206625.050513978
11872434.231047338,1206624.6843046064
11872434.635429926,1206624.4339381095
11872435.038144592,1206624.1741089246
11872435.431585602,1206623.9472712742
11872435.82132382,1206623.7243254464
11872436.202722419,1206623.528433344
11872436.575970428,1206623.3536793974
11872436.97571619,1206623.1939256464
11872437.36211856,1206623.0237974084
11872437.753702614,1206622.8397698049
11872438.169393726,1206622.6868767808
11872438.492970964,1206622.553809812
11872438.82951353,1206622.4311284495
11872439.224077607,1206622.2791583433
11872439.627715189,1206622.138318849
11872440.034688622,1206621.9878276354
11872440.529506044,1206621.8047340694
11872440.944997007,1206621.6574007913
11872441.28599849,1206621.5393451378
11872441.716689799,1206621.3784794374
11872442.148504179,1206621.2346710388
11872442.567153078,1206621.1082757656
11872442.992284639,1206620.9481550714
11872443.475615626,1206620.8217709176
11872443.969499014,1206620.6840671205
11872444.345337864,1206620.6162382155
11872444.772882357,1206620.51245999
11872445.206731603,1206620.4357354909
11872445.689506616,1206620.2778386949
11872446.162085054,1206620.1006718185
11872446.567390561,1206619.9353583208
11872446.925616138,1206619.8034033014
11872447.326295936,1206619.6899844764
11872447.722516818,1206619.5604423867
11872448.13541694,1206619.4548072063
11872448.5470272,1206619.3578897086
11872448.952699652,1206619.2385330743
11872449.358939195,1206619.1288281595
11872449.763310665,1206619.020413106
11872450.14915706,1206618.8979096552
11872450.539640285,1206618.7789310836
11872450.909363417,1206618.6555047154
11872451.284646293,1206618.5441207571
11872451.65974014,1206618.4214393946
11872451.958676582,1206618.336564307
11872452.319126055,1206618.2318520446
11872452.702381607,1206618.1265838076
11872453.074139606,1206618.0172458363
11872453.457028218,1206617.8999351887
11872453.87011737,1206617.7963348755
11872454.304144526,1206617.6725415639
11872454.656443411,1206617.5798828313
11872455.10956274,1206617.4653520568
11872455.584554108,1206617.3389567838
11872456.074178727,1206617.2197891807
11872456.56306946,1206617.1243505753
11872457.057886885,1206616.989059708
11872457.56234491,1206616.8561817708
11872458.075687407,1206616.7138522647
11872458.581813354,1206616.573746657
11872458.981003141,1206616.4571810155
11872459.586648548,1206616.2692615895
11872460.080909997,1206616.1208163623
11872460.582021054,1206615.9775639384
11872460.971581358,1206615.8641451132
11872461.453789277,1206615.722738525
11872461.835009966,1206615.615802364
11872462.313515093,1206615.4883062614
11872462.775340982,1206615.34893454
11872463.228093365,1206615.2160566028
11872463.67046014,1206615.08614757
11872464.108757183,1206614.9601303595
11872464.550757017,1206614.8207586384
11872464.903055903,1206614.7256869762
11872465.333380267,1206614.5967008614
11872465.762414774,1206614.4732744927
11872466.102671249,1206614.3693072363
11872466.520942084,1206614.2469928171
11872466.93180734,1206614.139689713
11872467.352502225,1206614.0223790654
11872467.767993188,1206613.9108171952
11872468.192579897,1206613.8031471476
11872468.548770605,1206613.7206738708
11872468.975759123,1206613.6080000515
11872469.427399557,1206613.4960601188
11872469.865129504,1206613.375969598
11872470.268767089,1206613.2636627222
11872470.61347136,1206613.173783863
11872470.903690118,1206613.092055592
11872471.157592615,1206613.018477909
11872471.426495306,1206612.9528729024
11872471.720794918,1206612.8867119208
11872472.054001637,1206612.810543396
11872472.41112638,1206612.703985298
11872472.804011416,1206612.5844507518
11872473.219702529,1206612.4689859399
11872473.646135073,1206612.3361080026
11872474.113331677,1206612.1869288892
11872474.600743517,1206612.0486691173
11872475.123915648,1206611.8933742826
11872475.659875194,1206611.748075872
11872476.201950463,1206611.604078442
11872476.758658983,1206611.4519304237
11872477.32483019,1206611.316083582
11872477.890812365,1206611.1694953104
11872478.462354288,1206611.0232739816
11872479.041490827,1206610.8805664128
11872479.635093823,1206610.7371249576
11872480.216265226,1206610.6174124996
11872480.770760966,1206610.4726700636
11872481.307087455,1206610.3295955514
11872481.711281015,1206610.2365698759
11872482.09101169,1206610.1733666793
11872482.543208098,1206610.0814529532
11872483.04877807,1206609.9747058235
11872483.465380982,1206609.914660563
11872483.860867977,1206609.8638778403
11872484.302122805,1206609.8023536871
11872484.711320136,1206609.7167335937
11872485.034341397,1206609.6692867184
11872485.414450133,1206609.626843615
11872485.841994628,1206609.5517870393
11872486.237848567,1206609.4986025062
11872486.749345228,1206609.4409701757
11872487.284370739,1206609.3681374986
11872487.688753327,1206609.296783714
11872488.23842321,1206609.2398852701
11872488.811822087,1206609.1529753155
11872489.388556812,1206609.079586664
11872489.845934905,1206609.0187963976
11872490.525335906,1206608.9342882533
11872491.070557991,1206608.8707181138
11872491.61652508,1206608.7943716773
11872492.146001963,1206608.7296895885
11872492.67732468,1206608.6637176382
11872493.202542797,1206608.5977345689
11872493.718109194,1206608.5299056636
11872494.236099642,1206608.452069215
11872494.753712023,1206608.4036994218
11872495.263351731,1206608.3577425587
11872495.760393053,1206608.2995542537
11872496.251318654,1206608.2598910234
11872496.72964587,1206608.205405509
11872497.209262947,1206608.152587919
11872497.674613714,1206608.0943996138
11872498.139219476,1206608.0293505818
11872498.601979405,1206607.9783788275
11872499.070110045,1206607.9318659897
11872499.546024332,1206607.8718207292
11872499.917415384,1206607.8317905557
11872500.374237502,1206607.77230127
11872500.839032296,1206607.7174488127
11872501.296421507,1206607.6696349941
11872501.771590788,1206607.6288598147
11872502.166888751,1206607.580123078
11872502.707485126,1206607.5604749345
11872503.2213836,1206607.5146959834
11872503.718424922,1206607.4450212424
11872504.113544973,1206607.4246280927
11872504.640975868,1206607.4112847017
11872505.081674721,1206607.3356721515
11872505.576314235,1206607.191863753
11872506.050182534,1206607.1175521833
11872506.527208768,1206607.0649125052
11872507.01591047,1206607.0056122507
11872507.53537981,1206606.943532123
11872508.09783711,1206606.8860777046
11872508.668823056,1206606.837340968
11872509.171802185,1206606.7815544736
11872509.61138909,1206606.7491189134
11872509.96906981,1206606.7120576445
11872510.22092632,1206606.6846258559
11872510.469813924,1206606.6518233526
11872510.856027262,1206606.6179089
11872511.31174855,1206606.5728749547
11872511.707969433,1206606.5235822438
11872512.243183974,1206606.4411089665
11872512.820841616,1206606.3760599345
11872513.403503032,1206606.2897059545
11872513.985052498,1206606.225390809
11872514.569381839,1206606.1562720425
11872515.162795804,1206606.0925128716
11872515.75749963,1206606.0302437127
11872516.36111017,1206605.9753912552
11872516.962118749,1206605.9333262146
11872517.563683301,1206605.8623393734
11872518.160977969,1206605.8041510682
11872518.664324043,1206605.7305733853
11872519.304617789,1206605.6336558873
11872519.951405318,1206605.556186382
11872520.459199192,1206605.4835427364
11872521.108755473,1206605.4045943385
11872521.737940848,1206605.3143374163
11872522.374709712,1206605.2576280038
11872522.825238198,1206604.881789152
11872523.630845442,1206604.7952461403
11872524.360473191,1206604.7635555863
11872525.072298635,1206604.7281511216
11872525.695368284,1206604.7203674766
11872526.303226473,1206604.7491002458
11872526.877548268,1206604.6894219287
11872527.270066358,1206604.5889795513
11872527.816033449,1206604.5459804733
11872528.540468395,1206604.5040933446
11872529.061605658,1206604.4711129293
11872529.612943465,1206604.430526781
11872530.326636981,1206604.3869717282
11872531.115009012,1206604.5469033911
11872531.703230172,1206604.4829663085
11872532.419136468,1206604.382156988
11872533.107066121,1206604.269105106
11872533.924348833,1206604.1075055192
11872534.59225228,1206603.9972335103
11872535.247190397,1206603.8993819747
11872535.894344868,1206603.8348889174
11872536.401393736,1206603.7735426764
11872536.899547007,1206603.7309216612
11872537.825244771,1206603.7042348785
11872538.42032666,1206603.6128660075
11872539.013362562,1206603.5305817616
11872539.603807623,1206603.463308831
11872540.060451828,1206603.4110472156
11872540.639966428,1206603.329697007
11872541.230967462,1206603.2557523812
11872541.819744598,1206603.1636385038
11872542.419452196,1206603.1074850657
11872543.014534086,1206603.0363203129
11872543.614430714,1206602.967757521
11872544.223033907,1206602.9004845903
11872544.769000996,1206602.8332116597
11872545.253254902,1206602.7592670338
11872545.637244342,1206602.738695972
11872546.014017232,1206602.657890619
11872546.438225878,1206602.593030618
11872546.886341432,1206602.5678227283
11872547.403764782,1206602.484982508
11872547.938245438,1206602.3925016874
11872548.623017155,1206602.3044797836
11872549.197894925,1206602.2334929425
11872549.637859892,1206602.1804974403
11872550.215517536,1206602.1211860664
11872550.678455373,1206602.0820899303
11872551.235175012,1206602.024824543
11872551.748517511,1206601.9721848646
11872552.34712428,1206601.92122423
11872552.922558025,1206601.8326352318
11872553.577496141,1206601.8259635363
11872554.034874234,1206601.7503509861
11872554.399960537,1206601.7014252185
11872554.953155296,1206601.6443488626
11872555.432594463,1206601.5663233825
11872555.91351252,1206601.5062781223
11872556.379786206,1206601.4484567603
11872556.870344864,1206601.4043568524
11872557.2333963,1206601.3493153637
11872557.798455559,1206601.2842663317
11872558.166321734,1206601.2379314057
11872558.625000807,1206601.1806660185
11872559.08034403,1206601.1411918194
11872559.643179392,1206601.0703940096
11872560.009744586,1206601.030363836
11872560.485847903,1206601.0033101104
11872560.93415249,1206600.9510484948
11872561.399125194,1206600.9076824735
11872561.856136343,1206600.8641274208
11872562.348918898,1206600.8198384815
11872562.841701455,1206600.7803642827
11872563.324098406,1206600.728102667
11872563.902122995,1206600.6973350309
11872564.376747418,1206600.6765860573
11872564.868039962,1206600.631552112
11872565.360633487,1206600.5985605775
11872565.733325522,1206600.6093131267
11872566.206637848,1206600.550001753
11872566.58136475,1206600.5279517989
11872566.939601446,1206600.4979291689
11872567.52467579,1206600.4843967464
11872567.94813943,1206600.2479296152
11872568.335464718,1206600.2421808376
11872568.855856976,1206600.2633078734
11872569.36179389,1206600.3105657173
11872569.858835213,1206600.3735798823
11872570.358289467,1206600.452339249
11872570.892025115,1206600.558897347
11872571.422424912,1206600.6827017784
11872571.941705221,1206600.79203975
11872572.440603498,1206600.9113852645
11872572.938011764,1206601.0413054167
11872573.414482024,1206601.1815889364
11872573.784016123,1206601.3474584084
11872574.253258714,1206601.5442734286
11872574.65949826,1206601.734416753
11872574.987701206,1206601.9128846102
11872575.234187,1206602.0791210257
11872575.454908928,1206602.2166357916
11872575.598717328,1206602.2942832087
11872575.755691204,1206602.3849070743
11872575.949537322,1206602.506109544
11872576.193610186,1206602.6743808265
11872576.452883394,1206602.8270959386
11872576.738098383,1206603.032984465
11872577.022012388,1206603.2644589436
11872577.33669403,1206603.4951884164
11872577.628958775,1206603.7652030569
11872577.87191969,1206603.9987124028
11872578.16825417,1206604.301540666
11872578.440303678,1206604.6475347998
11872578.723672828,1206604.9713010676
11872579.004995994,1206605.327869839
11872579.285941094,1206605.715940133
11872579.521118365,1206606.0760226639
11872579.753337849,1206606.437217144
11872579.946261046,1206606.7561686717
11872580.16253518,1206607.161285148
11872580.454043798,1206607.6646312224
11872580.65586259,1206608.1125577453
11872580.866210034,1206608.5306506695
11872581.041898018,1206608.9843259703
11872581.226481594,1206609.4361443159
11872581.399022764,1206609.9335637006
11872581.549313825,1206610.4270801437
11872581.69480127,1206610.836088442
11872581.902546749,1206611.4600810122
11872582.06081049,1206611.9851100973
11872582.19535635,1206612.5010545568
11872582.312489085,1206613.0998392368
11872582.394395268,1206613.5075465548
11872582.500775455,1206614.0944778556
11872582.593990162,1206614.590218197
11872582.649409713,1206615.037032771
11872582.680355262,1206615.4973797672
11872582.741323441,1206615.8441300264
11872582.784689462,1206616.171410054
11872582.862347998,1206616.5958077305
11872582.891814653,1206616.9212308028
11872582.934991645,1206617.193658373
11872582.99336898,1206617.593593166
11872583.026360514,1206617.8630518315
11872583.034700135,1206618.1719958156
11872583.062120803,1206618.4677743206
11872583.096035257,1206618.745939549
11872583.187960103,1206619.1254923115
11872583.209454082,1206619.543585236
11872583.273391163,1206619.9811372722
11872583.344933981,1206620.4444420536
11872583.425728213,1206620.9186884158
11872583.45427195,1206621.4027644093
11872583.522656832,1206621.89238903
11872583.60641997,1206622.4622630288
11872583.671102058,1206622.9281697716
11872583.738374988,1206623.398157368
11872583.815099489,1206623.8925967289
11872583.87069695,1206624.3990896198
11872583.939826837,1206625.041062409
11872583.969471402,1206625.5955470304
11872584.012103539,1206626.150787777
11872584.034153493,1206626.7128781313
11872584.084558154,1206627.1380096944
11872584.11643774,1206627.6593248688
11872584.157212919,1206628.1585900895
11872584.21243232,1206628.6789823463
11872584.259512251,1206629.204567406
11872584.293604616,1206629.6224712988
11872584.37088509,1206630.0383403245
11872584.48727282,1206630.5659602515
11872584.558437575,1206630.9764585623
11872584.61681491,1206631.495927901
11872584.69595234,1206632.028362568
11872584.770630851,1206632.5596852861
11872584.80529031,1206633.0973127563
11872584.841795605,1206633.6099213683
11872584.907956585,1206634.1358733713
11872584.941315064,1206634.6429222368
11872584.989506945,1206635.1614686577
11872585.026568213,1206635.568998064
11872585.089949323,1206635.982643191
11872585.149438608,1206636.4970976387
11872585.19892035,1206637.024161591
11872585.263969382,1206637.565869915
11872585.32957439,1206638.1210995421
11872585.379056131,1206638.5614314517
11872585.440024309,1206639.119819015
11872585.5024825,1206639.6850561856
11872585.570500437,1206640.2538182354
11872585.636661416,1206640.8285180943
11872585.697818628,1206641.4234109519
11872585.756195962,1206642.0266434287
11872585.829951558,1206642.6422852597
11872585.884804016,1206643.1328439175
11872585.968389243,1206643.750164792
11872586.050484456,1206644.3658066224
11872586.122205185,1206644.984795421
11872586.196705785,1206645.5904408277
11872586.286039788,1206646.1960751151
11872586.352378681,1206646.8000525984
11872586.41928467,1206647.2835614977
11872586.50453782,1206647.9056971124
11872586.562537095,1206648.5350603973
11872586.615354685,1206649.0356265984
11872586.660766693,1206649.6529474726
11872586.718399022,1206650.2667434677
11872586.784560004,1206650.8708988628
11872586.863508403,1206651.46820465
11872586.935974136,1206652.0616074956
11872587.011764597,1206652.654465486
11872587.08292935,1206653.237493845
11872587.155206053,1206653.799584199
11872587.22822776,1206654.287729927
11872587.267335018,1206654.6178009475
11872587.314036885,1206654.9024599595
11872587.356290957,1206655.2008293062
11872587.400390865,1206655.5373829906
11872587.435973242,1206655.8442809884
11872587.483231086,1206656.2877597143
11872587.531978942,1206656.672305129
11872587.599429784,1206657.2912939272
11872587.678378183,1206658.2501611381
11872587.727682013,1206658.8096606506
11872587.773449846,1206659.3995497364
11872587.83998889,1206660.0098208524
11872587.906327782,1206660.6323345294
11872587.993615799,1206661.2798559458
11872588.06793849,1206661.926643476
11872588.147064798,1206662.5895431505
11872588.229538076,1206663.2476392044
11872588.311455378,1206663.9190675297
11872588.402635219,1206664.4496563612
11872588.48936726,1206665.1045944793
11872588.538659973,1206665.6283225836
11872588.644106122,1206666.4307718913
11872588.735474993,1206667.087755996
11872588.826654831,1206667.7686358904
11872588.90301239,1206668.4369173995
11872588.974544084,1206669.1215112042
11872589.051635526,1206669.7903486881
11872589.143004399,1206670.4608540956
11872589.196744906,1206671.1346953511
11872589.27291343,1206671.8007529618
11872589.358911589,1206672.3239250917
11872589.412285151,1206672.982010026
11872589.50327596,1206673.6321334038
11872589.574807657,1206674.3854790316
11872589.599459572,1206675.0044567103
11872589.640412664,1206675.6128819904
11872589.692674277,1206676.2155584926
11872589.743267972,1206676.820825837
11872589.795351675,1206677.2858096617
11872589.859844731,1206677.8851503164
11872589.940272022,1206678.4805991487
11872589.995680453,1206679.0671523868
11872590.057215726,1206679.657597447
11872590.106508438,1206680.2389578822
11872590.150986409,1206680.833294765
11872590.228266882,1206681.512884798
11872590.307960287,1206681.9732317945
11872590.385974646,1206682.5540362548
11872590.464923047,1206683.1329948795
11872590.519041615,1206683.5916739518
11872590.578897845,1206684.1771152406
11872590.640611028,1206684.7605216622
11872590.717891503,1206685.3372452685
11872590.764971435,1206685.807977871
11872590.819267917,1206686.4023147542
11872590.892289625,1206686.9699648547
11872590.936767597,1206687.4190033267
11872591.034797044,1206687.9857305095
11872591.088170609,1206688.4358809309
11872591.174902651,1206689.1236215523
11872591.212531013,1206689.5815556187
11872591.309270602,1206690.2335359517
11872591.39803751,1206690.6977747704
11872591.445295354,1206691.113643796
11872591.46160765,1206691.4627958657
11872591.514047178,1206691.8549358938
11872591.568910755,1206692.3293712873
11872591.597076429,1206692.758394673
11872591.674723847,1206693.3364303797
11872591.728842419,1206693.810120767
11872591.779625142,1206694.563644307
11872591.838925395,1206695.0516121231
11872591.86597912,1206695.541047712
11872591.928993287,1206696.1125896352
11872591.997011222,1206696.6908032536
11872592.0952297,1206697.2395502168
11872592.188633438,1206697.7968258306
11872592.251647605,1206698.3514994832
11872592.28982082,1206698.7901634688
11872592.363954479,1206699.2162290693
11872592.406208552,1206699.769234798
11872592.460316004,1206700.2909280353
11872592.501091182,1206700.8220728415
11872592.559835464,1206701.3444999652
11872592.627664369,1206701.8471010337
11872592.68919964,1206702.3626785502
11872592.758507438,1206702.850824278
11872592.815583795,1206703.2411184707
11872592.892686358,1206703.7489012226
11872592.985901063,1206704.2416837788
11872593.060212633,1206704.6243833578
11872593.155840268,1206705.2657890534
11872593.229606984,1206705.9185032726
11872593.318373892,1206706.4989407898
11872593.419372244,1206707.0990264504
11872593.504436364,1206707.7115214649
11872593.603032906,1206708.1937405032
11872593.686796043,1206708.851458494
11872593.72720428,1206709.37888939
11872593.794844154,1206710.0234530214
11872593.86397404,1206710.546625151
11872593.911042852,1206711.0581218135
11872594.012230236,1206711.6809913148
11872594.09192364,1206712.3103545995
11872594.137135496,1206712.9488025098
11872594.222199617,1206713.5907641798
11872594.332282593,1206714.2321809947
11872594.44941533,1206714.8869300813
11872594.533367498,1206715.4349320384
11872594.627505124,1206716.1124872041
11872594.70738756,1206716.7976258644
11872594.77966426,1206717.4859224604
11872594.875291897,1206718.1847825742
11872594.967394656,1206718.8817968525
11872595.077288602,1206719.444621093
11872595.22091909,1206720.1255121068
11872595.330079148,1206720.8021332354
11872595.359167742,1206721.3408726552
11872595.409205457,1206722.1351713745
11872595.486485932,1206722.7912214417
11872595.530963901,1206723.4461595598
11872595.584526498,1206724.0875652551
11872595.634753246,1206724.6155632448
11872595.735006593,1206725.2434365177
11872595.807839269,1206725.906714255
11872595.90273302,1206726.5466410578
11872596.000762466,1206727.325561519
11872596.073595144,1206727.840950004
11872596.15236563,1206728.591337847
11872596.196654571,1206729.23126465
11872596.285421481,1206729.863407808
11872596.377535358,1206730.5998851655
11872596.444063282,1206731.2613059476
11872596.487618335,1206731.8035702463
11872596.53524312,1206732.1781081178
11872596.57249342,1206732.490009887
11872596.605106894,1206732.800621795
11872596.62883589,1206733.1456930109
11872596.641434276,1206733.5619289796
11872596.664229237,1206734.032839494
11872596.705738304,1206734.5524978645
11872596.76060188,1206735.212617666
11872596.82898676,1206735.7839816771
11872596.908669043,1206736.368121985
11872596.975575032,1206736.8288359246
11872597.10975395,1206737.5443752776
11872597.217057053,1206738.1222219528
11872597.357529605,1206738.8094065995
11872597.487071693,1206739.4875066206
11872597.57083483,1206740.0651642645
11872597.655342976,1206740.860763965
11872597.701677902,1206741.4274911475
11872597.743742943,1206741.9934733242
11872597.771919737,1206742.5498149006
11872597.811015874,1206743.0879983455
11872597.836034732,1206743.533523058
11872597.865323475,1206744.185870334
11872597.907199483,1206744.74332386
11872597.939446013,1206745.1942192875
11872598.009498818,1206745.763904255
11872598.057134725,1206746.331743387
11872597.878666867,1206746.9134818849
11872597.965765852,1206747.6599667857
11872598.057868611,1206748.2455971062
11872598.138117988,1206748.8514204249
11872598.21984626,1206749.3469828544
11872598.320477668,1206749.9704083302
11872598.359951869,1206750.4533723744
11872598.430560647,1206751.0690142054
11872598.54008765,1206751.7135778368
11872598.599765966,1206752.2145109812
11872598.682228124,1206752.9478415225
11872598.754693858,1206753.4337633518
11872598.829750434,1206754.153005496
11872598.88071107,1206754.743083613
11872598.960404472,1206755.215295108
11872599.0224846,1206755.7977674922
11872599.059367957,1206756.3800619647
11872599.086610714,1206756.8391079805
11872599.149246816,1206757.4162096498
11872599.191133946,1206758.0036858055
11872599.223936446,1206758.4707044975
11872599.2674915,1206758.9421709864
11872599.349586714,1206759.5261333827
11872599.374794606,1206759.969056134
11872599.444291435,1206760.423665472
11872599.50266877,1206760.8556577621
11872599.592736661,1206761.4201499268
11872599.827168925,1206762.0587868684
11872599.885913204,1206762.4996747526
11872599.973757196,1206763.1935310948
11872600.031400647,1206763.7528415758
11872600.091256876,1206764.3375378586
11872600.12647231,1206765.0308382262
11872600.246929772,1206765.6474140945
11872600.340700455,1206766.2621330076
11872600.395375,1206766.839234677
11872600.51657747,1206767.553106106
11872600.573097851,1206768.135033635
11872600.64241677,1206768.7299264926
11872600.705419814,1206769.3342709187
11872600.77807458,1206769.932499624
11872600.839042759,1206770.5331301398
11872600.928365642,1206771.137107623
11872600.98823299,1206771.8402265026
11872601.029375114,1206772.3228124843
11872601.086084526,1206773.024085528
11872601.1655889,1206773.63751458
11872601.210433811,1206774.1421505155
11872601.239155462,1206774.4898236927
11872601.269178092,1206774.7848571916
11872601.31347815,1206775.1278935403
11872601.359990988,1206775.5504342616
11872601.390569594,1206775.927385063
11872601.448390955,1206776.3575203975
11872601.519366678,1206776.94945547
11872601.604063852,1206777.5780737489
11872601.640391234,1206778.1066165937
11872601.702660393,1206778.7878745508
11872601.904101124,1206779.4663526346
11872601.974153928,1206780.2721377902
11872602.026415542,1206780.9522837978
11872602.065889742,1206781.6003611889
11872602.118896363,1206782.2458477379
11872602.190250147,1206782.8694733647
11872602.258445995,1206783.4728837535
11872602.327019906,1206784.0755602561
11872602.415597785,1206784.6865763778
11872602.471573312,1206785.1749111372
11872602.522533946,1206785.7644332796
11872602.565899968,1206786.2457182808
11872602.647261297,1206786.9662614055
11872602.716758126,1206787.5615212063
11872602.747703671,1206788.1658656325
11872602.796073467,1206788.6360422603
11872602.884473434,1206789.2105419685
11872602.943773687,1206789.9043983107
11872602.969537552,1206790.4787201067
11872603.049597898,1206791.0454472895
11872603.109454129,1206791.6129083585
11872603.165429654,1206792.1857512621
11872603.231957579,1206792.6364576584
11872603.294415768,1206793.327167184
11872603.369650256,1206793.910017631
11872603.43488832,1206794.491189035
11872603.500860268,1206795.05588135
11872603.585368415,1206795.6183386478
11872603.656533167,1206796.0686781006
11872603.730477793,1206796.6131662978
11872603.807580356,1206797.0433016326
11872603.85984197,1206797.5779601983
11872603.989195028,1206798.1304210718
11872604.067398421,1206798.6845387497
11872604.115401272,1206799.1196778563
11872604.205469163,1206799.6617531236
11872604.289232299,1206800.222175554
11872604.362999013,1206800.76054803
11872604.43694364,1206801.3005884306
11872604.498278763,1206801.837470895
11872604.548872452,1206802.3591641323
11872604.602068106,1206802.879178326
11872604.6780476,1206803.4030954621
11872604.73567993,1206803.924599668
11872604.794246297,1206804.4601922713
11872604.874117615,1206805.1079027187
11872604.929537166,1206805.6777767178
11872605.021639924,1206806.2337513512
11872605.109294884,1206806.8104749576
11872605.19899583,1206807.2823195094
11872605.336877542,1206807.9637553783
11872605.400625592,1206808.4172416476
11872605.519982226,1206809.1120320272
11872605.596706726,1206809.6867207666
11872605.688809484,1206810.2527029433
11872605.756449357,1206810.789774439
11872605.82872606,1206811.342224193
11872605.92843455,1206811.8615045005
11872605.989591759,1206812.2538446798
11872606.06167943,1206812.7557007421
11872606.113941045,1206813.2323600342
11872606.162688902,1206813.7038265232
11872606.20419797,1206814.1858565302
11872606.216796353,1206814.6384198815
11872606.215684403,1206814.9912747422
11872606.201418094,1206815.4019509647
11872606.187707761,1206815.7253502894
11872606.168804623,1206815.9636743758
11872606.147677585,1206816.1345476194
11872606.112829097,1206816.3611962388
11872606.073176986,1206816.6617894839
11872606.041664345,1206817.0291108044
11872605.992371632,1206817.4347832552
11872605.920461874,1206817.8680765259
11872605.82891509,1206818.3374970285
11872605.70289788,1206818.8002569545
11872605.595405746,1206819.205562462
11872605.466052687,1206819.629404164
11872605.296291392,1206820.1627617492
11872605.075380431,1206820.6609150206
11872604.895244649,1206821.0632627432
11872604.638384368,1206821.5265675245
11872604.312216291,1206821.921131602
11872604.054433092,1206822.2202459548
11872603.711574655,1206822.5567885197
11872603.362800648,1206822.830706102
11872603.027547944,1206823.085520396
11872602.651887005,1206823.3316392468
11872602.238241877,1206823.5719982
11872601.80421472,1206823.816449127
11872601.307918403,1206824.0247505826
11872600.747306943,1206824.2295382794
11872600.172796115,1206824.3955856632
11872599.577347284,1206824.5169771647
11872598.934462696,1206824.5944355505
11872598.277478592,1206824.7199079057
11872597.643856542,1206824.9319121528
11872597.044882828,1206825.0381033078
11872596.45592778,1206825.1420705642
11872595.877336098,1206825.2380762638
11872595.28708007,1206825.306083081
11872594.704974629,1206825.378915758
11872594.125838093,1206825.4432309037
11872593.531123146,1206825.5184653911
11872592.940311143,1206825.6048304904
11872592.331885863,1206825.6589490613
11872591.72550657,1206825.7345616114
11872591.119305188,1206825.817768775
11872590.5018064,1206825.8811498831
11872590.006988976,1206825.958430357
11872589.395227851,1206826.041826552
11872588.797188178,1206826.1572802446
11872588.189140959,1206826.2482821725
11872587.473968549,1206826.3516934544
11872586.874438863,1206826.4219241699
11872586.273808347,1206826.5021735486
11872585.68965692,1206826.5575819805
11872585.218568493,1206826.6018820393
11872584.513036685,1206826.6615492369
11872584.059539294,1206826.7188146242
11872583.490599334,1206826.7873885354
11872583.037101945,1206826.821302988
11872582.489655962,1206826.888019944
11872581.962781042,1206826.9525130014
11872581.535047518,1206826.9897633018
11872581.118622517,1206827.0353532217
11872580.64512116,1206827.082055091
11872580.275398029,1206827.1330157258
11872579.782982416,1206827.1760148038
11872579.192170413,1206827.2360600645
11872578.790567696,1206827.2825729023
11872578.31817829,1206827.3353904923
11872577.798342006,1206827.369127033
11872577.234583728,1206827.4601178414
11872576.788136099,1206827.5138583498
11872576.253477532,1206827.6065282014
11872575.725857606,1206827.6817626888
11872575.295711152,1206827.7759114332
11872574.766056359,1206827.916206072
11872574.332396144,1206827.9981122552
11872573.71267346,1206828.1671285436
11872573.322001204,1206828.2775895838
11872572.741563687,1206828.4701347188
11872572.264170509,1206828.649347582
11872571.839772832,1206828.82911642
11872571.420390047,1206829.0035034234
11872571.03805741,1206829.2251482706
11872570.642581536,1206829.4506960597
11872570.293607377,1206829.6751207802
11872569.989122309,1206829.8838002991
11872569.438340478,1206830.3421013087
11872569.105489587,1206830.6471534707
11872568.793587815,1206830.9799932444
11872568.497442368,1206831.3497163756
11872568.265234003,1206831.6404911086
11872567.98780266,1206832.1597714163
11872567.76800365,1206832.5676677658
11872567.613998676,1206832.92942934
11872567.425890218,1206833.3973709496
11872567.316363217,1206833.8747641284
11872567.20294439,1206834.3280724857
11872567.108061759,1206834.793612285
11872567.043935645,1206835.250245371
11872567.017804839,1206835.698738988
11872566.997055866,1206836.1233145762
11872567.011322174,1206836.556785759
11872566.985747341,1206836.9581994442
11872567.037819924,1206837.3761144564
11872567.085077768,1206837.802724912
11872567.120482232,1206838.2334273409
11872567.179037482,1206838.6883925027
11872567.209249143,1206839.1633838709
11872567.247800423,1206839.6646839587
11872567.286718648,1206840.1658061347
11872567.362331199,1206840.7045455542
11872567.402728315,1206841.3344648136
11872567.473893069,1206841.8741271512
11872567.551540487,1206842.2951889797
11872567.623450244,1206842.8428239936
11872567.698873764,1206843.362849307
11872567.759853061,1206843.7920617238
11872567.834353663,1206844.281497313
11872567.87011395,1206844.6847679536
11872567.924421553,1206845.018163702
11872567.944803583,1206845.2337039479
11872567.983165832,1206845.5241006182
11872568.019671127,1206845.8202571857
11872568.07638054,1206846.2370491296
11872568.133089952,1206846.7313105783
11872568.197405096,1206847.2446641962
11872568.249844624,1206847.7895193368
11872568.338800564,1206848.3495637043
11872568.413301168,1206849.0341575092
11872568.462049022,1206849.6225677026
11872568.505036982,1206850.1005168557
11872568.50244614,1206850.6018169434
11872568.517457455,1206851.1047960746
11872568.506337963,1206851.6099879849
11872568.47965118,1206852.2323126306
11872568.421640787,1206852.7223041947
11872568.254481453,1206853.4441482997
11872568.126796318,1206853.908754062
11872567.983910838,1206854.3628074254
11872567.731676267,1206855.0294210108
11872567.426635224,1206855.6673018266
11872567.161068382,1206856.186215191
11872566.85250246,1206856.6532338827
11872566.498902593,1206857.0967126088
11872566.12046178,1206857.4860838836
11872565.63361703,1206857.9167751928
11872565.187358433,1206858.24406634
11872564.713845957,1206858.5600378434
11872564.227190241,1206858.8426619885
11872563.724767085,1206859.101190193
11872563.2093786,1206859.3560156063
11872562.680646723,1206859.5932277432
11872562.199550753,1206859.7891198455
11872561.741983632,1206859.9612829506
11872561.20546811,1206860.1540171169
11872560.887628531,1206860.2624321706
11872560.449153578,1206860.4012479167
11872560.120016593,1206860.4738915623
11872559.864824237,1206860.5330139047
11872559.540135052,1206860.6251166626
11872559.201357469,1206860.690354726
11872558.82607459,1206860.7741178642
11872558.450424772,1206860.8395338396
11872558.074218975,1206860.9151463897
11872557.68948453,1206860.9939168757
11872557.299190337,1206861.0949152277
11872556.808075704,1206861.1990715154
11872556.379419262,1206861.2780199132
11872556.038050838,1206861.3556673308
11872555.598274902,1206861.4442563287
11872555.159421887,1206861.5282084981
11872554.828061003,1206861.5886207018
11872554.5322825,1206861.6442181652
11872554.235770108,1206861.6864722373
11872553.929050023,1206861.747440416
11872553.547840456,1206861.8100876373
11872553.101581857,1206861.8979316296
11872552.746491978,1206861.9418536255
11872552.410127325,1206861.9911463363
11872552.08562717,1206862.0491567296
11872551.79170562,1206862.122723293
11872551.507602582,1206862.1670233519
11872551.237765854,1206862.2072314373
11872550.954218792,1206862.2550452559
11872550.780009698,1206862.2809981515
11872550.569484346,1206862.3102757758
11872550.37563823,1206862.3258430655
11872550.200317187,1206862.351784842
11872550.02888797,1206862.365684208
11872549.851910124,1206862.3979307364
11872549.703086836,1206862.429443379
11872549.561691366,1206862.4411188462
11872549.393408963,1206862.4598329521
11872549.21754307,1206862.5117276243
11872549.015902188,1206862.545642077
11872548.747366441,1206862.5723288595
11872548.534806218,1206862.6086451227
11872548.34892166,1206862.6497872456
11872548.180272313,1206862.6850026788
11872547.996244712,1206862.7085426447
11872547.78627533,1206862.7346734523
11872547.475118568,1206862.7608042601
11872547.167286534,1206862.7963866366
11872546.804791072,1206862.820471458
11872546.44804439,1206862.8317799817
11872546.071838593,1206862.8514281253
11872545.766786432,1206862.877558933
11872545.308852365,1206862.8964620705
11872545.002321312,1206862.9155431201
11872544.644651711,1206862.9539053699
11872544.253979456,1206862.9763333865
11872543.941899775,1206863.0215563632
11872543.694858005,1206863.0791886935
11872543.425955314,1206863.1568361109
11872543.151114814,1206863.2217072311
11872542.864976909,1206863.3021345213
11872542.629243664,1206863.3380838414
11872542.408332704,1206863.3981291016
11872542.222637177,1206863.4240819977
11872542.228563866,1206863.4287077065
11872542.229119841,1206863.4224140737
11872541.853836963,1206864.8738748096
11872541.850690147,1206864.868871038
11872541.852169039,1206864.86794812
11872541.852169039,1206864.86794812
11872541.853836963,1206864.869793956
11872541.853470022,1206864.8683150632
11872541.853470022,1206864.867203114
11872541.853836963,1206864.8673921456
11872541.854025993,1206864.8668361707
11872541.852547102,1206864.86794812
11872541.851435153,1206864.8675700573
11872541.850690147,1206864.8660911648
11872541.851246122,1206864.866280196
11872541.854025993,1206864.8703499304
11872541.856994899,1206864.8709059053
11872541.869960228,1206864.869616044
11872541.897758959,1206864.8647901842
11872541.950398637,1206864.8516358242
11872542.067331223,1206864.8297637822
11872542.292134006,1206864.7341361453
11872542.490427919,1206864.6887352567
11872542.725427277,1206864.6196053708
11872542.875351397,1206864.5881038483
11872543.00192458,1206864.567721818
11872543.03917488,1206864.566231806
11872543.044734629,1206864.558081218
11872543.025831489,1206864.5578921866
11872543.01749187,1206864.5595601106
11872543.01860382,1206864.5649419448
11872543.01842591,1206864.5717915522
11872543.03436014,1206864.5806871466
11872543.013044074,1206864.5725365584
11872543.016757984,1206864.5695676538
11872543.015457004,1206864.564196939
11872543.015646035,1206864.5593821986
11872543.016757984,1206864.5651198567
11872543.016935898,1206864.5628959583
11872543.016012978,1206864.5619730405
11872543.016379923,1206864.559938173
11872543.015646035,1206864.5606720597
11872543.014534086,1206864.5617840092
11872543.015457004,1206864.5619730405
11872543.01378908,1206864.5612280346
11872543.013233105,1206864.5614170658
11872543.013600048,1206864.5593821986
11872543.012677131,1206864.5610501226
11872543.012866164,1206864.5606720597
11872543.010642264,1206864.559938173
11872543.015267972,1206864.5549344015
11872543.016379923,1206864.5549344015
11872543.015267972,1206864.5575252434
11872543.014345055,1206864.5584481612
11872543.015457004,1206864.5586371927
