Waypoints = [
    [106.7714968267, 10.853190025],
    [106.7713642767, 10.8520514283],
    [106.7713642767, 10.8520514283],
    [106.7713290517, 10.8517195633],
    [106.77132654, 10.8516991933],
    [106.7713241267, 10.8516785917],
    [106.771321895, 10.8516574517],
    [106.7713186067, 10.851636035],
    [106.7713157117, 10.8516150417],
    [106.7713128367, 10.8515944417],
    [106.7713104967, 10.8515760017],
    [106.7713082233, 10.851557165],
    [106.771306185, 10.8515390233],
    [106.771306185, 10.8515390233],
    [106.7713049233, 10.8515208967],
    [106.7713062917, 10.8515022467],
    [106.77131014, 10.8514838933],
    [106.771317, 10.8514688733],
    [106.7713263733, 10.8514550517],
    [106.7713401, 10.85144273],
    [106.7713552367, 10.8514334],
    [106.7713720817, 10.8514258283],
    [106.7713877933, 10.8514201433],
    [106.7714086767, 10.85141272],
    [106.7714278517, 10.8514060467],
    [106.7714482017, 10.851398345],
    [106.771464455, 10.8513957],
    [106.7714821017, 10.8513892783],
    [106.7715015617, 10.8513840667],
    [106.7715261617, 10.8513768667],
    [106.7715487167, 10.8513705383],
    [106.7715749833, 10.8513633767],
    [106.7715979267, 10.851357265],
    [106.771623675, 10.8513501533],
    [106.7716461817, 10.851343785],
    [106.7716705867, 10.85133671],
    [106.7716955433, 10.8513298883],
    [106.7717223867, 10.85132264],
    [106.7717447933, 10.851316065],
    [106.7717686017, 10.8513096183],
    [106.7717886417, 10.85130458],
    [106.7718091583, 10.8512998833],
    [106.771827435, 10.8512972083],
    [106.771844565, 10.851295295],
    [106.77186569, 10.8512930033],
    [106.77188917, 10.8512902367],
    [106.771911895, 10.8512874683],
    [106.7719363433, 10.851284775],
    [106.7719588833, 10.851281935],
    [106.7719808783, 10.8512793467],
    [106.7720010917, 10.851277165],
]
