10.8531705900, 106.7714842033
10.8531705633, 106.7714841767
10.8531705500, 106.7714841817
10.8531704700, 106.7714841783
10.8531705167, 106.7714842017
10.8531705767, 106.7714841833
10.8531705433, 106.7714842083
10.8531705183, 106.7714841933
10.8531704783, 106.7714842067
10.8531704433, 106.7714842350
10.8531705683, 106.7714842017
10.8531705100, 106.7714842117
10.8531704983, 106.7714842000
10.8531707050, 106.7714842183
10.8531712050, 106.7714844017
10.8531713050, 106.7714846333
10.8531710383, 106.7714846150
10.8531707450, 106.7714845450
10.8531704700, 106.7714844483
10.8531704317, 106.7714844350
10.8531704433, 106.7714844083
10.8531703333, 106.7714844050
10.8531701917, 106.7714843833
10.8531698267, 106.7714843067
10.8531689800, 106.7714841533
10.8531677967, 106.7714841483
10.8531662517, 106.7714841067
10.8531642617, 106.7714842900
10.8531620450, 106.7714839417
10.8531601917, 106.7714842050
10.8531582800, 106.7714846433
10.8531565683, 106.7714849283
10.8531550600, 106.7714850333
10.8531531167, 106.7714854467
10.8531510633, 106.7714859000
10.8531494183, 106.7714862217
10.8531474050, 106.7714865583
10.8531453250, 106.7714871200
10.8531436517, 106.7714877167
10.8531424317, 106.7714880817
10.8531412050, 106.7714885083
10.8531395250, 106.7714887733
10.8531374433, 106.7714894183
10.8531353467, 106.7714898650
10.8531334167, 106.7714900817
10.8531312067, 106.7714907983
10.8531288933, 106.7714914117
10.8531264983, 106.7714919917
10.8531242867, 106.7714927133
10.8531219917, 106.7714933767
10.8531198500, 106.7714935500
10.8531175750, 106.7714939617
10.8531158450, 106.7714940650
10.8531136467, 106.7714942333
10.8531113100, 106.7714944433
10.8531090367, 106.7714944900
10.8531067250, 106.7714945383
10.8531044483, 106.7714945350
10.8531023367, 106.7714945550
10.8531002067, 106.7714945867
10.8530980083, 106.7714947083
10.8530958683, 106.7714947950
10.8530939900, 106.7714949083
10.8530920267, 106.7714949067
10.8530899550, 106.7714947250
10.8530878867, 106.7714946617
10.8530858650, 106.7714944750
10.8530836367, 106.7714943267
10.8530811917, 106.7714942417
10.8530793433, 106.7714942167
10.8530775583, 106.7714940500
10.8530750500, 106.7714938783
10.8530724317, 106.7714939250
10.8530692500, 106.7714934567
10.8530670133, 106.7714934817
10.8530636367, 106.7714931833
10.8530613400, 106.7714930100
10.8530578250, 106.7714926183
10.8530548300, 106.7714925467
10.8530518750, 106.7714923133
10.8530489250, 106.7714919983
10.8530459650, 106.7714917700
10.8530436883, 106.7714915967
10.8530403267, 106.7714913100
10.8530381517, 106.7714910300
10.8530353033, 106.7714906717
10.8530323667, 106.7714903117
10.8530293783, 106.7714899417
10.8530269183, 106.7714895583
10.8530237000, 106.7714892933
10.8530206317, 106.7714889767
10.8530176100, 106.7714887450
10.8530150367, 106.7714884550
10.8530118333, 106.7714882133
10.8530086017, 106.7714878517
10.8530053067, 106.7714876267
10.8530026750, 106.7714872317
10.8529991867, 106.7714868767
10.8529951067, 106.7714860767
10.8529922550, 106.7714856867
10.8529887400, 106.7714852967
10.8529849650, 106.7714846950
10.8529812433, 106.7714841083
10.8529782000, 106.7714835167
10.8529749750, 106.7714829400
10.8529710933, 106.7714821667
10.8529670683, 106.7714818067
10.8529631883, 106.7714815000
10.8529590950, 106.7714805283
10.8529556883, 106.7714803250
10.8529515150, 106.7714802983
10.8529476933, 106.7714803583
10.8529449383, 106.7714803300
10.8529413733, 106.7714799433
10.8529378917, 106.7714795850
10.8529350133, 106.7714793583
10.8529323950, 106.7714791267
10.8529298967, 106.7714789433
10.8529272650, 106.7714786600
10.8529243833, 106.7714781183
10.8529205083, 106.7714774150
10.8529170950, 106.7714771633
10.8529134900, 106.7714766367
10.8529098583, 106.7714760200
10.8529067550, 106.7714756133
10.8529035067, 106.7714750900
10.8529003300, 106.7714745600
10.8528964000, 106.7714743267
10.8528927217, 106.7714738567
10.8528898217, 106.7714734083
10.8528859850, 106.7714728467
10.8528821500, 106.7714727350
10.8528782233, 106.7714723067
10.8528736783, 106.7714717767
10.8528699350, 106.7714712917
10.8528662500, 106.7714708017
10.8528626150, 106.7714704250
10.8528593417, 106.7714697000
10.8528553633, 106.7714692633
10.8528520233, 106.7714687767
10.8528488167, 106.7714684133
10.8528457450, 106.7714682833
10.8528426000, 106.7714678717
10.8528401333, 106.7714674667
10.8528374983, 106.7714670883
10.8528334367, 106.7714668333
10.8528302850, 106.7714662833
10.8528276417, 106.7714659483
10.8528242600, 106.7714655150
10.8528200717, 106.7714649600
10.8528166683, 106.7714644833
10.8528140133, 106.7714638867
10.8528106433, 106.7714635833
10.8528067083, 106.7714631233
10.8528042767, 106.7714629517
10.8528011133, 106.7714625433
10.8527979900, 106.7714619017
10.8527948617, 106.7714616433
10.8527916400, 106.7714611567
10.8527883467, 106.7714608683
10.8527849733, 106.7714605967
10.8527815167, 106.7714603383
10.8527770633, 106.7714599983
10.8527735150, 106.7714598100
10.8527691800, 106.7714594350
10.8527652300, 106.7714591200
10.8527613583, 106.7714588383
10.8527574450, 106.7714585433
10.8527534833, 106.7714581050
10.8527504650, 106.7714579600
10.8527453000, 106.7714573183
10.8527402383, 106.7714566300
10.8527350750, 106.7714557317
10.8527309217, 106.7714549800
10.8527265783, 106.7714544767
10.8527222900, 106.7714541400
10.8527187550, 106.7714538683
10.8527145450, 106.7714535133
10.8527102883, 106.7714530667
10.8527061350, 106.7714527700
10.8527018750, 106.7714521067
10.8526976083, 106.7714517633
10.8526923183, 106.7714511000
10.8526878833, 106.7714505700
10.8526833117, 106.7714503417
10.8526798300, 106.7714499000
10.8526751550, 106.7714493433
10.8526704833, 106.7714488367
10.8526656733, 106.7714481850
10.8526606733, 106.7714475250
10.8526544667, 106.7714466300
10.8526494233, 106.7714458617
10.8526448300, 106.7714450750
10.8526406967, 106.7714440583
10.8526355350, 106.7714438983
10.8526305883, 106.7714438550
10.8526258833, 106.7714432717
10.8526222100, 106.7714426850
10.8526175417, 106.7714420767
10.8526130067, 106.7714415550
10.8526084117, 106.7714409550
10.8526033083, 106.7714403417
10.8525890517, 106.7714373900
10.8525844300, 106.7714370317
10.8525802150, 106.7714366250
10.8525769517, 106.7714363650
10.8525743650, 106.7714364117
10.8525711383, 106.7714361083
10.8525678267, 106.7714357717
10.8525650450, 106.7714356250
10.8525614517, 106.7714353283
10.8525576200, 106.7714348217
10.8525532833, 106.7714339967
10.8525496417, 106.7714336183
10.8525442333, 106.7714329217
10.8525383700, 106.7714323183
10.8525343167, 106.7714317700
10.8525302300, 106.7714316450
10.8525238667, 106.7714307717
10.8525185717, 106.7714301150
10.8525133183, 106.7714294400
10.8525071617, 106.7714287550
10.8525020583, 106.7714283567
10.8524971800, 106.7714279600
10.8524923150, 106.7714274450
10.8524876183, 106.7714269133
10.8524830400, 106.7714263367
10.8524794367, 106.7714258033
10.8524757867, 106.7714253767
10.8524714200, 106.7714247350
10.8524670683, 106.7714240383
10.8524629033, 106.7714232800
10.8524590083, 106.7714229317
10.8524550883, 106.7714223817
10.8524519283, 106.7714220933
10.8524480183, 106.7714215617
10.8524451567, 106.7714211933
10.8524419367, 106.7714208233
10.8524390300, 106.7714205900
10.8524365567, 106.7714202350
10.8524344833, 106.7714201250
10.8524314600, 106.7714198300
10.8524281783, 106.7714193567
10.8524247033, 106.7714190033
10.8524207767, 106.7714185783
10.8524168183, 106.7714182333
10.8524127717, 106.7714178967
10.8524082033, 106.7714172967
10.8524042850, 106.7714169600
10.8524006250, 106.7714164800
10.8523969650, 106.7714160400
10.8523934667, 106.7714156133
10.8523901167, 106.7714152067
10.8523873950, 106.7714148233
10.8523846883, 106.7714145133
10.8523812567, 106.7714141000
10.8523777133, 106.7714136533
10.8523741483, 106.7714132617
10.8523697700, 106.7714126600
10.8523652300, 106.7714124017
10.8523606517, 106.7714118833
10.8523567800, 106.7714115750
10.8523529533, 106.7714113017
10.8523481150, 106.7714106050
10.8523439450, 106.7714098850
10.8523399550, 106.7714095150
10.8523360417, 106.7714086733
10.8523320117, 106.7714080867
10.8523289700, 106.7714075800
10.8523247217, 106.7714072883
10.8523217983, 106.7714066383
10.8523179133, 106.7714060133
10.8523128767, 106.7714055800
10.8523088000, 106.7714056800
10.8523053900, 106.7714052933
10.8523010333, 106.7714047067
10.8522955150, 106.7714043750
10.8522919200, 106.7714040050
10.8522871350, 106.7714038200
10.8522812417, 106.7714031850
10.8522772500, 106.7714026933
10.8522713383, 106.7714020817
10.8522654117, 106.7714014350
10.8522602933, 106.7714007667
10.8522550483, 106.7714002383
10.8522499567, 106.7713995633
10.8522446950, 106.7713991650
10.8522395083, 106.7713988067
10.8522343433, 106.7713983183
10.8522301800, 106.7713979033
10.8522260467, 106.7713978617
10.8522209433, 106.7713974983
10.8522161050, 106.7713970367
10.8522114800, 106.7713966483
10.8522078550, 106.7713962600
10.8522033233, 106.7713958983
10.8521989267, 106.7713953550
10.8521944817, 106.7713946317
10.8521893017, 106.7713942067
10.8521840467, 106.7713935483
10.8521799283, 106.7713927250
10.8521764467, 106.7713923333
10.8521720733, 106.7713919000
10.8521668833, 106.7713912233
10.8521624667, 106.7713907033
10.8521588983, 106.7713902300
10.8521544250, 106.7713896417
10.8521500417, 106.7713891167
10.8521457367, 106.7713888167
10.8521403167, 106.7713880617
10.8521357133, 106.7713872500
10.8521316983, 106.7713866383
10.8521270000, 106.7713859000
10.8521227717, 106.7713853800
10.8521186783, 106.7713846500
10.8521141700, 106.7713844083
10.8521106850, 106.7713841567
10.8521072233, 106.7713844333
10.8521032633, 106.7713842417
10.8520986050, 106.7713839367
10.8520942583, 106.7713835667
10.8520896400, 106.7713830900
10.8520850200, 106.7713824750
10.8520801183, 106.7713820200
10.8520762800, 106.7713816583
10.8520713733, 106.7713807900
10.8520675250, 106.7713803617
10.8520619933, 106.7713801650
10.8520577850, 106.7713797283
10.8520527133, 106.7713789867
10.8520484383, 106.7713784300
10.8520444133, 106.7713779500
10.8520396100, 106.7713773600
10.8520355317, 106.7713768883
10.8520311183, 106.7713762900
10.8520258850, 106.7713756067
10.8520224250, 106.7713750983
10.8520171967, 106.7713742883
10.8520125683, 106.7713739383
10.8520089083, 106.7713735333
10.8520042933, 106.7713729900
10.8519986150, 106.7713725100
10.8519948650, 106.7713720567
10.8519901600, 106.7713716133
10.8519853550, 106.7713712317
10.8519806050, 106.7713708700
10.8519759950, 106.7713705250
10.8519713867, 106.7713701083
10.8519676900, 106.7713696300
10.8519629950, 106.7713689983
10.8519583883, 106.7713686150
10.8519546750, 106.7713681850
10.8519500417, 106.7713677617
10.8519454383, 106.7713673133
10.8519407450, 106.7713669017
10.8519360683, 106.7713661650
10.8519323733, 106.7713656950
10.8519276750, 106.7713651600
10.8519219567, 106.7713644533
10.8519171350, 106.7713640250
10.8519122467, 106.7713634067
10.8519073367, 106.7713628500
10.8519023700, 106.7713622250
10.8518974900, 106.7713616483
10.8518923717, 106.7713611150
10.8518872750, 106.7713605467
10.8518821383, 106.7713599883
10.8518769267, 106.7713594233
10.8518717283, 106.7713589067
10.8518551600, 106.7713558883
10.8518487833, 106.7713550683
10.8518423083, 106.7713543667
10.8518370700, 106.7713535683
10.8518319367, 106.7713528017
10.8518267317, 106.7713522533
10.8518216883, 106.7713517767
10.8518177233, 106.7713512233
10.8518129333, 106.7713507317
10.8518081183, 106.7713504300
10.8518033883, 106.7713500633
10.8517988150, 106.7713496567
10.8517932817, 106.7713489517
10.8517886183, 106.7713485517
10.8517840117, 106.7713478383
10.8517792167, 106.7713471583
10.8517753683, 106.7713467767
10.8517702517, 106.7713460667
10.8517649767, 106.7713454933
10.8517598400, 106.7713445500
10.8517544633, 106.7713437533
10.8517489933, 106.7713429433
10.8517431717, 106.7713426550
10.8517373917, 106.7713419917
10.8517306233, 106.7713410850
10.8517263633, 106.7713404950
10.8517209167, 106.7713397183
10.8517156817, 106.7713390267
10.8517106717, 106.7713383117
10.8517058617, 106.7713374600
10.8517004083, 106.7713366417
10.8516969433, 106.7713361700
10.8516927617, 106.7713356933
10.8516885500, 106.7713350900
10.8516847183, 106.7713345267
10.8516810983, 106.7713337367
10.8516774717, 106.7713337250
10.8516738333, 106.7713335233
10.8516702983, 106.7713332317
10.8516669517, 106.7713327900
10.8516636067, 106.7713324717
10.8516595383, 106.7713319067
10.8516563017, 106.7713316833
10.8516530217, 106.7713312983
10.8516504300, 106.7713310617
10.8516472650, 106.7713307117
10.8516441683, 106.7713304967
10.8516416667, 106.7713302433
10.8516386100, 106.7713298967
10.8516355867, 106.7713295217
10.8516332600, 106.7713292950
10.8516304283, 106.7713289533
10.8516276850, 106.7713286000
10.8516250350, 106.7713283200
10.8516223783, 106.7713280967
10.8516197650, 106.7713277650
10.8516172467, 106.7713275167
10.8516152517, 106.7713273033
10.8516129150, 106.7713270017
10.8516102717, 106.7713266800
10.8516079300, 106.7713263083
10.8516056217, 106.7713261717
10.8516037717, 106.7713259800
10.8516016917, 106.7713257417
10.8515997367, 106.7713254317
10.8515976533, 106.7713250850
10.8515952067, 106.7713248567
10.8515931400, 106.7713246983
10.8515897467, 106.7713242433
10.8515865817, 106.7713239567
10.8515839683, 106.7713236350
10.8515797533, 106.7713233050
10.8515760983, 106.7713230700
10.8515723583, 106.7713228717
10.8515685433, 106.7713225850
10.8515647233, 106.7713220900
10.8515609183, 106.7713218050
10.8515571317, 106.7713215000
10.8515548633, 106.7713212183
10.8515487700, 106.7713175133
10.8515450483, 106.7713172967
10.8515412567, 106.7713171550
10.8515375383, 106.7713171917
10.8515339150, 106.7713172817
10.8515301017, 106.7713175033
10.8515266767, 106.7713176250
10.8515237617, 106.7713177150
10.8515202917, 106.7713179483
10.8515167133, 106.7713181300
10.8515133783, 106.7713183450
10.8515101883, 106.7713187417
10.8515076350, 106.7713191450
10.8515044850, 106.7713196400
10.8515015167, 106.7713203417
10.8514985883, 106.7713209017
10.8514956900, 106.7713216550
10.8514933150, 106.7713222367
10.8514905583, 106.7713229917
10.8514884217, 106.7713237183
10.8514857417, 106.7713246050
10.8514835567, 106.7713254833
10.8514807750, 106.7713265400
10.8514785367, 106.7713275100
10.8514758100, 106.7713288950
10.8514736150, 106.7713299867
10.8514709033, 106.7713315850
10.8514681383, 106.7713332500
10.8514654683, 106.7713350217
10.8514627950, 106.7713371583
10.8514600550, 106.7713393900
10.8514572983, 106.7713416600
10.8514545500, 106.7713442017
10.8514517883, 106.7713468217
10.8514489783, 106.7713496100
10.8514469250, 106.7713520283
10.8514443467, 106.7713551567
10.8514423567, 106.7713578583
10.8514397817, 106.7713612117
10.8514364883, 106.7713661883
10.8514342367, 106.7713698250
10.8514319000, 106.7713734467
10.8514298600, 106.7713769850
10.8514278550, 106.7713804900
10.8514260933, 106.7713839200
10.8514245217, 106.7713872767
10.8514230850, 106.7713908717
10.8514215550, 106.7713943467
10.8514199000, 106.7713978683
10.8514185250, 106.7714016067
10.8514173283, 106.7714045167
10.8514162250, 106.7714075433
10.8514148583, 106.7714110917
10.8514135917, 106.7714147217
10.8514122383, 106.7714183817
10.8514105917, 106.7714228317
10.8514092667, 106.7714265683
10.8514082050, 106.7714296350
10.8514067583, 106.7714335083
10.8514054650, 106.7714373917
10.8514043283, 106.7714411567
10.8514028883, 106.7714449800
10.8514017517, 106.7714493267
10.8514005133, 106.7714537683
10.8513999033, 106.7714571483
10.8513989700, 106.7714609933
10.8513982800, 106.7714648950
10.8513968600, 106.7714692367
10.8513952667, 106.7714734867
10.8513937800, 106.7714771317
10.8513925933, 106.7714803533
10.8513915733, 106.7714839567
10.8513904083, 106.7714875200
10.8513894583, 106.7714912333
10.8513885867, 106.7714949350
10.8513875133, 106.7714985833
10.8513865267, 106.7715022367
10.8513855517, 106.7715058733
10.8513844500, 106.7715093433
10.8513833800, 106.7715128550
10.8513822700, 106.7715161800
10.8513812683, 106.7715195550
10.8513801650, 106.7715229283
10.8513794017, 106.7715256167
10.8513784600, 106.7715288583
10.8513775133, 106.7715323050
10.8513765300, 106.7715356483
10.8513754750, 106.7715390917
10.8513745433, 106.7715428067
10.8513734300, 106.7715467100
10.8513725967, 106.7715498783
10.8513715667, 106.7715539533
10.8513704300, 106.7715582250
10.8513693583, 106.7715626283
10.8513685000, 106.7715670250
10.8513672833, 106.7715714750
10.8513660883, 106.7715760117
10.8513648083, 106.7715806283
10.8513635483, 106.7715851800
10.8513625000, 106.7715887700
10.8513608100, 106.7715942167
10.8513594750, 106.7715986617
10.8513581867, 106.7716031683
10.8513571667, 106.7716066717
10.8513558950, 106.7716110083
10.8513549333, 106.7716144367
10.8513537867, 106.7716187400
10.8513525333, 106.7716228933
10.8513513383, 106.7716269650
10.8513501700, 106.7716309433
10.8513490367, 106.7716348850
10.8513477833, 106.7716388600
10.8513469283, 106.7716420283
10.8513457683, 106.7716458983
10.8513446583, 106.7716497567
10.8513437233, 106.7716528167
10.8513426233, 106.7716565783
10.8513416583, 106.7716602733
10.8513406033, 106.7716640567
10.8513396000, 106.7716677933
10.8513386317, 106.7716716117
10.8513378900, 106.7716748150
10.8513368767, 106.7716786550
10.8513358700, 106.7716827167
10.8513347900, 106.7716866533
10.8513337800, 106.7716902833
10.8513329717, 106.7716933833
10.8513322367, 106.7716959933
10.8513315750, 106.7716982767
10.8513309850, 106.7717006950
10.8513303900, 106.7717033417
10.8513297050, 106.7717063383
10.8513287467, 106.7717095500
10.8513276717, 106.7717130833
10.8513266333, 106.7717168217
10.8513254383, 106.7717206567
10.8513240967, 106.7717248583
10.8513228533, 106.7717292417
10.8513214567, 106.7717339467
10.8513201500, 106.7717387667
10.8513188550, 106.7717436417
10.8513174867, 106.7717486483
10.8513162650, 106.7717537400
10.8513149467, 106.7717588300
10.8513136317, 106.7717639700
10.8513123483, 106.7717691783
10.8513110583, 106.7717745167
10.8513099817, 106.7717797433
10.8513086800, 106.7717847300
10.8513073933, 106.7717895533
10.8513065567, 106.7717931883
10.8513059883, 106.7717966033
10.8513051617, 106.7718006700
10.8513042017, 106.7718052167
10.8513036617, 106.7718089633
10.8513032050, 106.7718125200
10.8513026517, 106.7718164883
10.8513018817, 106.7718201683
10.8513014550, 106.7718230733
10.8513010733, 106.7718264917
10.8513003983, 106.7718303367
10.8512999200, 106.7718338967
10.8512994017, 106.7718384967
10.8512987467, 106.7718433083
10.8512981050, 106.7718469450
10.8512975933, 106.7718518883
10.8512968117, 106.7718570450
10.8512961517, 106.7718622317
10.8512956050, 106.7718663450
10.8512948450, 106.7718724550
10.8512942733, 106.7718773583
10.8512935867, 106.7718822683
10.8512930050, 106.7718870300
10.8512924117, 106.7718918083
10.8512918183, 106.7718965317
10.8512912083, 106.7719011683
10.8512905083, 106.7719058267
10.8512900733, 106.7719104817
10.8512896600, 106.7719150650
10.8512891367, 106.7719195350
10.8512887800, 106.7719239500
10.8512882900, 106.7719282517
10.8512878150, 106.7719325650
10.8512872917, 106.7719367500
10.8512867067, 106.7719409283
10.8512862483, 106.7719450900
10.8512858300, 106.7719493000
10.8512852900, 106.7719535800
10.8512849300, 106.7719569200
10.8512843950, 106.7719610283
10.8512839017, 106.7719652083
10.8512834717, 106.7719693217
10.8512831050, 106.7719735950
10.8512826667, 106.7719771500
10.8512824900, 106.7719820117
10.8512820783, 106.7719866333
10.8512814517, 106.7719911033
10.8512812683, 106.7719946567
10.8512811483, 106.7719994000
10.8512804683, 106.7720033633
10.8512791750, 106.7720078117
10.8512785067, 106.7720120733
10.8512780333, 106.7720163633
10.8512775000, 106.7720207583
10.8512769417, 106.7720254300
10.8512764250, 106.7720304883
10.8512759867, 106.7720356233
10.8512754850, 106.7720401467
10.8512751933, 106.7720441000
10.8512748600, 106.7720473167
10.8512746133, 106.7720495817
10.8512743183, 106.7720518200
10.8512740133, 106.7720552933
10.8512736083, 106.7720593917
10.8512731650, 106.7720629550
10.8512724233, 106.7720677683
10.8512718383, 106.7720729633
10.8512710617, 106.7720782033
10.8512704833, 106.7720834333
10.8512698617, 106.7720886883
10.8512692883, 106.7720940250
10.8512687283, 106.7720993733
10.8512682350, 106.7721048017
10.8512678567, 106.7721102067
10.8512672183, 106.7721156167
10.8512666950, 106.7721209883
10.8512660333, 106.7721255150
10.8512651617, 106.7721312733
10.8512644650, 106.7721370900
10.8512638117, 106.7721416567
10.8512631017, 106.7721474983
10.8512622900, 106.7721531567
10.8512617800, 106.7721588833
10.8512584000, 106.7721629350
10.8512576217, 106.7721701800
10.8512573367, 106.7721767417
10.8512570183, 106.7721831433
10.8512569483, 106.7721887467
10.8512572067, 106.7721942133
10.8512566700, 106.7721993783
10.8512557667, 106.7722029083
10.8512553800, 106.7722078183
10.8512550033, 106.7722143333
10.8512547067, 106.7722190200
10.8512543417, 106.7722239783
10.8512539500, 106.7722303967
10.8512553883, 106.7722374867
10.8512548133, 106.7722427767
10.8512539067, 106.7722492150
10.8512528900, 106.7722554017
10.8512514367, 106.7722627517
10.8512504450, 106.7722687583
10.8512495650, 106.7722746483
10.8512489850, 106.7722804683
10.8512484333, 106.7722850283
10.8512480500, 106.7722895083
10.8512478100, 106.7722978333
10.8512469883, 106.7723031850
10.8512462483, 106.7723085183
10.8512456433, 106.7723138283
10.8512451733, 106.7723179350
10.8512444417, 106.7723231467
10.8512437767, 106.7723284617
10.8512429483, 106.7723337567
10.8512424433, 106.7723391500
10.8512418033, 106.7723445017
10.8512411867, 106.7723498967
10.8512405817, 106.7723553700
10.8512399767, 106.7723602800
10.8512393117, 106.7723646350
10.8512391267, 106.7723680883
10.8512384000, 106.7723714767
10.8512378167, 106.7723752917
10.8512375900, 106.7723793217
10.8512368450, 106.7723839750
10.8512360133, 106.7723887817
10.8512352217, 106.7723949400
10.8512345833, 106.7724001100
10.8512341067, 106.7724040667
10.8512335733, 106.7724092617
10.8512332217, 106.7724134250
10.8512327067, 106.7724184317
10.8512322333, 106.7724230483
10.8512317750, 106.7724284317
10.8512309783, 106.7724336067
10.8512309183, 106.7724394967
10.8512302383, 106.7724436100
10.8512297983, 106.7724468933
10.8512292850, 106.7724518683
10.8512285833, 106.7724561800
10.8512280433, 106.7724605050
10.8512275233, 106.7724646983
10.8512271267, 106.7724691100
10.8512266317, 106.7724723750
10.8512260467, 106.7724774567
10.8512256300, 106.7724807650
10.8512251150, 106.7724848900
10.8512247600, 106.7724889850
10.8512241233, 106.7724940467
10.8512237633, 106.7724973433
10.8512235200, 106.7725016250
10.8512230500, 106.7725056567
10.8512226600, 106.7725098383
10.8512222683, 106.7725139483
10.8512218700, 106.7725183800
10.8512215150, 106.7725228117
10.8512210450, 106.7725271500
10.8512207683, 106.7725323483
10.8512205817, 106.7725366167
10.8512201767, 106.7725410350
10.8512198800, 106.7725454650
10.8512199767, 106.7725488167
10.8512194433, 106.7725530733
10.8512192450, 106.7725564433
10.8512189750, 106.7725596650
10.8512188533, 106.7725649267
10.8512167267, 106.7725687350
10.8512166750, 106.7725722183
10.8512168650, 106.7725768983
10.8512172900, 106.7725814483
10.8512178567, 106.7725859183
10.8512185650, 106.7725904100
10.8512195233, 106.7725952100
10.8512206367, 106.7725999800
10.8512216200, 106.7726046500
10.8512226933, 106.7726091367
10.8512238617, 106.7726136100
10.8512251233, 106.7726178950
10.8512266150, 106.7726212183
10.8512283850, 106.7726254383
10.8512300950, 106.7726290917
10.8512317000, 106.7726320433
10.8512331950, 106.7726342600
10.8512344317, 106.7726362450
10.8512351300, 106.7726375383
10.8512359450, 106.7726389500
10.8512370350, 106.7726406933
10.8512385483, 106.7726428883
10.8512399217, 106.7726452200
10.8512417733, 106.7726477850
10.8512438550, 106.7726503383
10.8512459300, 106.7726531683
10.8512483583, 106.7726557967
10.8512504583, 106.7726579817
10.8512531817, 106.7726606467
10.8512562933, 106.7726630933
10.8512592050, 106.7726656417
10.8512624117, 106.7726681717
10.8512659017, 106.7726706983
10.8512691400, 106.7726728133
10.8512723883, 106.7726749017
10.8512752567, 106.7726766367
10.8512789000, 106.7726785817
10.8512834267, 106.7726812033
10.8512874550, 106.7726830183
10.8512912150, 106.7726849100
10.8512952950, 106.7726864900
10.8512993583, 106.7726881500
10.8513038317, 106.7726897017
10.8513082700, 106.7726910533
10.8513119483, 106.7726923617
10.8513175600, 106.7726942300
10.8513222817, 106.7726956533
10.8513269217, 106.7726968633
10.8513323067, 106.7726979167
10.8513359733, 106.7726986533
10.8513412517, 106.7726996100
10.8513457100, 106.7727004483
10.8513497283, 106.7727009467
10.8513538683, 106.7727012250
10.8513569867, 106.7727017733
10.8513599300, 106.7727021633
10.8513637467, 106.7727028617
10.8513666733, 106.7727031267
10.8513691233, 106.7727035150
10.8513727200, 106.7727040400
10.8513751433, 106.7727043367
10.8513779217, 106.7727044117
10.8513805817, 106.7727046583
10.8513830833, 106.7727049633
10.8513864967, 106.7727057900
10.8513902567, 106.7727059833
10.8513941917, 106.7727065583
10.8513983583, 106.7727072017
10.8514026233, 106.7727079283
10.8514069767, 106.7727081850
10.8514113800, 106.7727088000
10.8514165050, 106.7727095533
10.8514206950, 106.7727101350
10.8514249217, 106.7727107400
10.8514293683, 106.7727114300
10.8514339233, 106.7727119300
10.8514396967, 106.7727125517
10.8514446833, 106.7727128183
10.8514496767, 106.7727132017
10.8514547317, 106.7727134000
10.8514585550, 106.7727138533
10.8514632433, 106.7727141400
10.8514677333, 106.7727145067
10.8514724133, 106.7727150033
10.8514771400, 106.7727154267
10.8514808983, 106.7727157333
10.8514846383, 106.7727164283
10.8514893833, 106.7727174750
10.8514930750, 106.7727181150
10.8514977467, 106.7727186400
10.8515025350, 106.7727193517
10.8515073133, 106.7727200233
10.8515121483, 106.7727203350
10.8515167583, 106.7727206633
10.8515214883, 106.7727212583
10.8515260483, 106.7727215583
10.8515307117, 106.7727219917
10.8515343767, 106.7727223250
10.8515380967, 106.7727228950
10.8515427233, 106.7727234300
10.8515474633, 106.7727238750
10.8515523350, 106.7727244600
10.8515573283, 106.7727250500
10.8515612883, 106.7727254950
10.8515663100, 106.7727260433
10.8515713933, 106.7727266050
10.8515765083, 106.7727272167
10.8515816767, 106.7727278117
10.8515870267, 106.7727283617
10.8515924517, 106.7727288867
10.8515979883, 106.7727295500
10.8516024000, 106.7727300433
10.8516079517, 106.7727307950
10.8516134883, 106.7727315333
10.8516190550, 106.7727321783
10.8516245017, 106.7727328483
10.8516299483, 106.7727336517
10.8516353800, 106.7727342483
10.8516397283, 106.7727348500
10.8516453233, 106.7727356167
10.8516509833, 106.7727361383
10.8516554850, 106.7727366133
10.8516610367, 106.7727370217
10.8516665567, 106.7727375400
10.8516719900, 106.7727381350
10.8516773617, 106.7727388450
10.8516826983, 106.7727394967
10.8516880300, 106.7727401783
10.8516932733, 106.7727408183
10.8516983283, 106.7727414683
10.8517027183, 106.7727421250
10.8517056867, 106.7727424767
10.8517082467, 106.7727428967
10.8517109300, 106.7727432767
10.8517139567, 106.7727436733
10.8517167167, 106.7727439933
10.8517207050, 106.7727444183
10.8517241633, 106.7727448567
10.8517297300, 106.7727454633
10.8517383533, 106.7727461733
10.8517433850, 106.7727466167
10.8517486900, 106.7727470283
10.8517541783, 106.7727476267
10.8517597767, 106.7727482233
10.8517656000, 106.7727490083
10.8517714167, 106.7727496767
10.8517773783, 106.7727503883
10.8517832967, 106.7727511300
10.8517893350, 106.7727518667
10.8517941067, 106.7727526867
10.8517999967, 106.7727534667
10.8518047067, 106.7727539100
10.8518119233, 106.7727548583
10.8518178317, 106.7727556800
10.8518239550, 106.7727565000
10.8518299650, 106.7727571867
10.8518361217, 106.7727578300
10.8518421367, 106.7727585233
10.8518481667, 106.7727593450
10.8518542267, 106.7727598283
10.8518602167, 106.7727605133
10.8518649217, 106.7727612867
10.8518708400, 106.7727617667
10.8518766867, 106.7727625850
10.8518834617, 106.7727632283
10.8518890283, 106.7727634500
10.8518945000, 106.7727638183
10.8518999200, 106.7727642883
10.8519053633, 106.7727647433
10.8519095450, 106.7727652117
10.8519149350, 106.7727657917
10.8519202900, 106.7727665150
10.8519255650, 106.7727670133
10.8519308750, 106.7727675667
10.8519361033, 106.7727680100
10.8519414483, 106.7727684100
10.8519475600, 106.7727691050
10.8519517000, 106.7727698217
10.8519569233, 106.7727705233
10.8519621300, 106.7727712333
10.8519662550, 106.7727717200
10.8519715200, 106.7727722583
10.8519767667, 106.7727728133
10.8519819533, 106.7727735083
10.8519861867, 106.7727739317
10.8519915317, 106.7727744200
10.8519966367, 106.7727750767
10.8520006750, 106.7727754767
10.8520057717, 106.7727763583
10.8520098200, 106.7727768383
10.8520160050, 106.7727776183
10.8520201233, 106.7727779567
10.8520259867, 106.7727788267
10.8520301617, 106.7727796250
10.8520339017, 106.7727800500
10.8520370417, 106.7727801967
10.8520405683, 106.7727806683
10.8520448350, 106.7727811617
10.8520486933, 106.7727814150
10.8520538917, 106.7727821133
10.8520581517, 106.7727826000
10.8520649283, 106.7727830567
10.8520693167, 106.7727835900
10.8520737183, 106.7727838333
10.8520788583, 106.7727844000
10.8520840583, 106.7727850117
10.8520889933, 106.7727858950
10.8520940050, 106.7727867350
10.8520989933, 106.7727873017
10.8521029383, 106.7727876450
10.8521067700, 106.7727883117
10.8521117433, 106.7727886917
10.8521164350, 106.7727891783
10.8521212117, 106.7727895450
10.8521259100, 106.7727900733
10.8521304300, 106.7727906833
10.8521350667, 106.7727912367
10.8521394567, 106.7727918600
10.8521429667, 106.7727923733
10.8521475333, 106.7727930667
10.8521519650, 106.7727939050
10.8521554067, 106.7727945733
10.8521611750, 106.7727954333
10.8521670450, 106.7727960967
10.8521722650, 106.7727968950
10.8521776617, 106.7727978033
10.8521831700, 106.7727985683
10.8521875067, 106.7727994550
10.8521934217, 106.7728002083
10.8521981650, 106.7728005717
10.8522039617, 106.7728011800
10.8522086667, 106.7728018017
10.8522132667, 106.7728022250
10.8522188683, 106.7728031350
10.8522245283, 106.7728038517
10.8522302700, 106.7728042583
10.8522360433, 106.7728050233
10.8522418117, 106.7728060133
10.8522477000, 106.7728070667
10.8522526283, 106.7728078217
10.8522587217, 106.7728086683
10.8522648833, 106.7728093867
10.8522710733, 106.7728100367
10.8522773583, 106.7728108967
10.8522836267, 106.7728117250
10.8522886883, 106.7728127133
10.8522948117, 106.7728140050
10.8523008967, 106.7728149867
10.8523057417, 106.7728152483
10.8523128850, 106.7728156983
10.8523187850, 106.7728163933
10.8523246750, 106.7728167933
10.8523304433, 106.7728172750
10.8523351917, 106.7728177267
10.8523408383, 106.7728186283
10.8523468033, 106.7728192833
10.8523525583, 106.7728201367
10.8523595633, 106.7728210183
10.8523641983, 106.7728216733
10.8523709467, 106.7728223817
10.8523767017, 106.7728227800
10.8523823867, 106.7728235783
10.8523890100, 106.7728244067
10.8523949583, 106.7728250050
10.8523998350, 106.7728253967
10.8524032033, 106.7728258250
10.8524060083, 106.7728261600
10.8524088017, 106.7728264533
10.8524119050, 106.7728266667
10.8524156483, 106.7728267800
10.8524198833, 106.7728269850
10.8524245567, 106.7728273583
10.8524304933, 106.7728278517
10.8524356317, 106.7728284667
10.8524408850, 106.7728291833
10.8524450283, 106.7728297850
10.8524514633, 106.7728309917
10.8524566600, 106.7728319567
10.8524628400, 106.7728332200
10.8524689383, 106.7728343850
10.8524741333, 106.7728351383
10.8524812883, 106.7728358983
10.8524863850, 106.7728363150
10.8524914750, 106.7728366933
10.8524964783, 106.7728369467
10.8525013183, 106.7728372983
10.8525053250, 106.7728375233
10.8525111917, 106.7728377867
10.8525162050, 106.7728381633
10.8525202600, 106.7728384533
10.8525253833, 106.7728390833
10.8525304900, 106.7728395117
10.8525357217, 106.7728379067
10.8525424350, 106.7728386900
10.8525477017, 106.7728395183
10.8525531500, 106.7728402400
10.8525576067, 106.7728409750
10.8525632133, 106.7728418800
10.8525675567, 106.7728422350
10.8525730933, 106.7728428700
10.8525788900, 106.7728438550
10.8525833950, 106.7728443917
10.8525899900, 106.7728451333
10.8525943600, 106.7728457850
10.8526008283, 106.7728464600
10.8526061350, 106.7728469183
10.8526103817, 106.7728476350
10.8526156200, 106.7728481933
10.8526208567, 106.7728485250
10.8526249850, 106.7728487700
10.8526301750, 106.7728493333
10.8526354583, 106.7728497100
10.8526396583, 106.7728500050
10.8526438983, 106.7728503967
10.8526491500, 106.7728511350
10.8526531333, 106.7728513617
10.8526572217, 106.7728519867
10.8526611067, 106.7728525117
10.8526661833, 106.7728533217
10.8526719267, 106.7728554300
10.8526758917, 106.7728559583
10.8526821317, 106.7728567483
10.8526871617, 106.7728572667
10.8526924200, 106.7728578050
10.8526986550, 106.7728581217
10.8527042000, 106.7728592050
10.8527097283, 106.7728600483
10.8527149183, 106.7728605400
10.8527213383, 106.7728616300
10.8527265717, 106.7728621383
10.8527319217, 106.7728627617
10.8527373567, 106.7728633283
10.8527427367, 106.7728639817
10.8527481383, 106.7728645300
10.8527535700, 106.7728653333
10.8527598933, 106.7728658717
10.8527642333, 106.7728662417
10.8527705400, 106.7728667517
10.8527760567, 106.7728674667
10.8527805950, 106.7728678700
10.8527837217, 106.7728681283
10.8527863750, 106.7728683983
10.8527894600, 106.7728687967
10.8527932600, 106.7728692150
10.8527966500, 106.7728694900
10.8528005183, 106.7728700100
10.8528058417, 106.7728706483
10.8528114950, 106.7728714100
10.8528162483, 106.7728717367
10.8528223750, 106.7728722967
10.8528284767, 106.7728741083
10.8528357233, 106.7728747383
10.8528418400, 106.7728752083
10.8528476683, 106.7728755633
10.8528534733, 106.7728760400
10.8528590817, 106.7728766817
10.8528645083, 106.7728772950
10.8528699283, 106.7728779117
10.8528754233, 106.7728787083
10.8528798150, 106.7728792117
10.8528851167, 106.7728796700
10.8528894450, 106.7728800600
10.8528959250, 106.7728807917
10.8529012783, 106.7728814167
10.8529067133, 106.7728816950
10.8529109417, 106.7728821300
10.8529161083, 106.7728829250
10.8529223483, 106.7728834583
10.8529275133, 106.7728836900
10.8529326100, 106.7728844100
10.8529377133, 106.7728849483
10.8529428650, 106.7728854517
10.8529469183, 106.7728860500
10.8529531300, 106.7728866117
10.8529583717, 106.7728872883
10.8529635983, 106.7728878750
10.8529686767, 106.7728884683
10.8529737350, 106.7728892283
10.8529777850, 106.7728898683
10.8529826817, 106.7728905333
10.8529865500, 106.7728912267
10.8529913583, 106.7728916967
10.8529963267, 106.7728928600
10.8530013100, 106.7728935633
10.8530052233, 106.7728939950
10.8530100983, 106.7728948050
10.8530151383, 106.7728955583
10.8530199800, 106.7728962217
10.8530248367, 106.7728968867
10.8530296650, 106.7728974383
10.8530343567, 106.7728978933
10.8530390333, 106.7728983717
10.8530437450, 106.7728990550
10.8530484350, 106.7728995733
10.8530532517, 106.7729001000
10.8530590767, 106.7729008183
10.8530642017, 106.7729013167
10.8530692017, 106.7729021450
10.8530743883, 106.7729029333
10.8530786317, 106.7729037400
10.8530847600, 106.7729049800
10.8530888383, 106.7729055533
10.8530950867, 106.7729066267
10.8531002550, 106.7729073167
10.8531053450, 106.7729081450
10.8531101750, 106.7729087533
10.8531151433, 106.7729094033
10.8531198133, 106.7729103000
10.8531233417, 106.7729108500
10.8531278550, 106.7729114983
10.8531321417, 106.7729119683
10.8531363817, 106.7729124067
10.8531407167, 106.7729127800
10.8531447867, 106.7729128933
10.8531479600, 106.7729128833
10.8531516533, 106.7729127550
10.8531545617, 106.7729126317
10.8531567050, 106.7729124617
10.8531582417, 106.7729122717
10.8531602800, 106.7729119583
10.8531629833, 106.7729116017
10.8531662867, 106.7729113183
10.8531699350, 106.7729108750
10.8531738317, 106.7729102283
10.8531780533, 106.7729094050
10.8531822150, 106.7729082717
10.8531858600, 106.7729073050
10.8531896717, 106.7729061417
10.8531944683, 106.7729046150
10.8531989483, 106.7729026283
10.8532025667, 106.7729010083
10.8532067333, 106.7728986983
10.8532102817, 106.7728957650
10.8532129717, 106.7728934467
10.8532159983, 106.7728903633
10.8532184617, 106.7728872267
10.8532207533, 106.7728842117
10.8532229667, 106.7728808333
10.8532251283, 106.7728771133
10.8532273267, 106.7728732100
10.8532292000, 106.7728687467
10.8532310417, 106.7728637050
10.8532325350, 106.7728585383
10.8532336267, 106.7728531833
10.8532343233, 106.7728474017
10.8532354517, 106.7728414933
10.8532373583, 106.7728357950
10.8532383133, 106.7728304083
10.8532392483, 106.7728251117
10.8532401117, 106.7728199083
10.8532407233, 106.7728146000
10.8532413783, 106.7728093650
10.8532419567, 106.7728041567
10.8532426333, 106.7727988083
10.8532434100, 106.7727934950
10.8532438967, 106.7727880233
10.8532445767, 106.7727825700
10.8532453250, 106.7727771183
10.8532458950, 106.7727715650
10.8532465900, 106.7727671150
10.8532473400, 106.7727616133
10.8532483783, 106.7727562350
10.8532491967, 106.7727507667
10.8532501267, 106.7727443350
10.8532507583, 106.7727389433
10.8532514800, 106.7727335417
10.8532519783, 106.7727282883
10.8532523767, 106.7727240517
10.8532529133, 106.7727177067
10.8532534283, 106.7727136283
10.8532540450, 106.7727085117
10.8532543500, 106.7727044333
10.8532549500, 106.7726995100
10.8532555300, 106.7726947717
10.8532558650, 106.7726909250
10.8532562750, 106.7726871800
10.8532566950, 106.7726829217
10.8532571533, 106.7726795967
10.8532575400, 106.7726751683
10.8532580800, 106.7726698550
10.8532584983, 106.7726662433
10.8532589733, 106.7726619950
10.8532592767, 106.7726573200
10.8532600950, 106.7726522500
10.8532605783, 106.7726482350
10.8532614117, 106.7726434267
10.8532620883, 106.7726386817
10.8532629350, 106.7726348133
10.8532641967, 106.7726300500
10.8532649333, 106.7726261500
10.8532664533, 106.7726205767
10.8532674467, 106.7726170633
10.8532691783, 106.7726118433
10.8532707900, 106.7726075500
10.8532724067, 106.7726037333
10.8532739750, 106.7725999617
10.8532759683, 106.7725965233
10.8532779967, 106.7725929667
10.8532800150, 106.7725898283
10.8532818917, 106.7725870900
10.8532860133, 106.7725821367
10.8532887567, 106.7725791433
10.8532917500, 106.7725763383
10.8532950750, 106.7725736750
10.8532976900, 106.7725715867
10.8533023600, 106.7725690917
10.8533060283, 106.7725671150
10.8533092817, 106.7725657300
10.8533134900, 106.7725640383
10.8533177833, 106.7725630533
10.8533218600, 106.7725620333
10.8533260467, 106.7725611800
10.8533301533, 106.7725606033
10.8533341867, 106.7725603683
10.8533380050, 106.7725601817
10.8533419033, 106.7725603100
10.8533455133, 106.7725600800
10.8533492717, 106.7725605483
10.8533531083, 106.7725609733
10.8533569817, 106.7725612917
10.8533610733, 106.7725618183
10.8533653450, 106.7725620900
10.8533698533, 106.7725624367
10.8533743600, 106.7725627867
10.8533792050, 106.7725634667
10.8533848700, 106.7725638300
10.8533897233, 106.7725644700
10.8533935100, 106.7725651683
10.8533984350, 106.7725658150
10.8534031117, 106.7725664933
10.8534069717, 106.7725670417
10.8534113733, 106.7725677117
10.8534150000, 106.7725680333
10.8534179983, 106.7725685217
10.8534199367, 106.7725687050
10.8534225483, 106.7725690500
10.8534252117, 106.7725693783
10.8534289600, 106.7725698883
10.8534334050, 106.7725703983
10.8534380217, 106.7725709767
10.8534429217, 106.7725714483
10.8534479583, 106.7725722483
10.8534541150, 106.7725729183
10.8534594067, 106.7725733567
10.8534637050, 106.7725737433
10.8534682133, 106.7725737200
10.8534727367, 106.7725738550
10.8534772800, 106.7725737550
10.8534828767, 106.7725735150
10.8534872833, 106.7725729933
10.8534937750, 106.7725714900
10.8534979533, 106.7725703417
10.8535020367, 106.7725690567
10.8535080317, 106.7725667883
10.8535137683, 106.7725640450
10.8535184350, 106.7725616567
10.8535226350, 106.7725588817
10.8535266233, 106.7725557017
10.8535301250, 106.7725522983
10.8535339983, 106.7725479200
10.8535369417, 106.7725439067
10.8535397833, 106.7725396483
10.8535423250, 106.7725352717
10.8535446500, 106.7725307533
10.8535469417, 106.7725261183
10.8535490750, 106.7725213633
10.8535508367, 106.7725170367
10.8535523850, 106.7725129217
10.8535541183, 106.7725080967
10.8535550933, 106.7725052383
10.8535563417, 106.7725012950
10.8535569950, 106.7724983350
10.8535575267, 106.7724960400
10.8535583550, 106.7724931200
10.8535589417, 106.7724900733
10.8535596950, 106.7724866983
10.8535602833, 106.7724833200
10.8535609633, 106.7724799367
10.8535616717, 106.7724764767
10.8535625800, 106.7724729667
10.8535635167, 106.7724685500
10.8535642267, 106.7724646950
10.8535649250, 106.7724616250
10.8535657217, 106.7724576700
10.8535664767, 106.7724537233
10.8535670200, 106.7724507433
10.8535675200, 106.7724480833
10.8535679000, 106.7724454167
10.8535684483, 106.7724426583
10.8535690117, 106.7724392300
10.8535698017, 106.7724352167
10.8535701967, 106.7724320233
10.8535706400, 106.7724289983
10.8535711617, 106.7724260800
10.8535718233, 106.7724234367
10.8535722217, 106.7724208817
10.8535725833, 106.7724184550
10.8535730133, 106.7724159050
10.8535732467, 106.7724143383
10.8535735100, 106.7724124450
10.8535736500, 106.7724107017
10.8535738833, 106.7724091250
10.8535740083, 106.7724075833
10.8535742983, 106.7724059917
10.8535745817, 106.7724046533
10.8535746867, 106.7724033817
10.8535748550, 106.7724018683
10.8535753217, 106.7724002867
10.8535756267, 106.7723984733
10.8535758667, 106.7723960583
10.8535761933, 106.7723941467
10.8535765633, 106.7723924750
10.8535768800, 106.7723909583
10.8535770917, 106.7723893033
10.8535773267, 106.7723874150
10.8535775617, 106.7723846167
10.8535778817, 106.7723818483
10.8535780983, 106.7723785883
10.8535782000, 106.7723753800
10.8535783767, 106.7723719967
10.8535786117, 106.7723692533
10.8535787817, 106.7723651350
10.8535789533, 106.7723623783
10.8535792983, 106.7723591617
10.8535795000, 106.7723556483
10.8535799067, 106.7723528417
10.8535804250, 106.7723506200
10.8535811233, 106.7723482017
10.8535817067, 106.7723457300
10.8535824300, 106.7723431567
10.8535827533, 106.7723410367
10.8535832933, 106.7723390500
10.8535835267, 106.7723373800
10.8535835683, 106.7723374333
10.8535835117, 106.7723374383
10.8535965650, 106.7723340633
10.8535965200, 106.7723340350
10.8535965117, 106.7723340483
10.8535965117, 106.7723340483
10.8535965283, 106.7723340633
10.8535965150, 106.7723340600
10.8535965050, 106.7723340600
10.8535965067, 106.7723340633
10.8535965017, 106.7723340650
10.8535965117, 106.7723340517
10.8535965083, 106.7723340417
10.8535964950, 106.7723340350
10.8535964967, 106.7723340400
10.8535965333, 106.7723340650
10.8535965383, 106.7723340917
10.8535965267, 106.7723342083
10.8535964833, 106.7723344583
10.8535963650, 106.7723349317
10.8535961683, 106.7723359833
10.8535953083, 106.7723380050
10.8535949000, 106.7723397883
10.8535942783, 106.7723419017
10.8535939950, 106.7723432500
10.8535938117, 106.7723443883
10.8535937983, 106.7723447233
10.8535937250, 106.7723447733
10.8535937233, 106.7723446033
10.8535937383, 106.7723445283
10.8535937867, 106.7723445383
10.8535938483, 106.7723445367
10.8535939283, 106.7723446800
10.8535938550, 106.7723444883
10.8535938283, 106.7723445217
10.8535937800, 106.7723445100
10.8535937367, 106.7723445117
10.8535937883, 106.7723445217
10.8535937683, 106.7723445233
10.8535937600, 106.7723445150
10.8535937417, 106.7723445183
10.8535937483, 106.7723445117
10.8535937583, 106.7723445017
10.8535937600, 106.7723445100
10.8535937533, 106.7723444950
10.8535937550, 106.7723444900
10.8535937367, 106.7723444933
10.8535937517, 106.7723444850
10.8535937483, 106.7723444867
10.8535937417, 106.7723444667
10.8535936967, 106.7723445083
10.8535936967, 106.7723445183
10.8535937200, 106.7723445083
10.8535937283, 106.7723445000
10.8535937300, 106.7723445100
10.8531337050, 106.7714997850
10.8531336783, 106.7714998117
10.8531336567, 106.7714999233
10.8531336983, 106.7714998233
10.8531336433, 106.7714998050
10.8531335050, 106.7714997617
10.8531328450, 106.7714997350
10.8531318500, 106.7714997400
10.8531305283, 106.7714995783
10.8531289383, 106.7714995483
10.8531274167, 106.7714995017
10.8531253933, 106.7714992717
10.8531231967, 106.7714990517
10.8531206583, 106.7714989933
10.8531180383, 106.7714988350
10.8531158117, 106.7714986783
10.8531129400, 106.7714985483
10.8531105917, 106.7714983717
10.8531078167, 106.7714981850
10.8531051033, 106.7714980167
10.8531024633, 106.7714978200
10.8530997333, 106.7714973617
10.8530973283, 106.7714971917
10.8530938283, 106.7714968200
10.8530905250, 106.7714964367
10.8530871417, 106.7714961383
10.8530832900, 106.7714957050
10.8530806550, 106.7714953067
10.8530767967, 106.7714947133
10.8530741600, 106.7714944567
10.8530716417, 106.7714942567
10.8530685983, 106.7714939317
10.8530655500, 106.7714935817
10.8530624850, 106.7714931500
10.8530593183, 106.7714930550
10.8530561433, 106.7714929117
10.8530530667, 106.7714925950
10.8530498700, 106.7714922717
10.8530465500, 106.7714922017
10.8530433833, 106.7714918050
10.8530399650, 106.7714914917
10.8530364983, 106.7714914417
10.8530328700, 106.7714913867
10.8530294067, 106.7714908967
10.8530258950, 106.7714903750
10.8530222383, 106.7714902100
10.8530185767, 106.7714898500
10.8530149450, 106.7714894483
10.8530113367, 106.7714894150
10.8530075817, 106.7714886867
10.8530038950, 106.7714884033
10.8530002783, 106.7714880783
10.8529974267, 106.7714877133
10.8529938500, 106.7714872183
10.8529903450, 106.7714868767
10.8529868600, 106.7714865200
10.8529833117, 106.7714860850
10.8529797183, 106.7714856850
10.8529760333, 106.7714852517
10.8529730683, 106.7714848917
10.8529702017, 106.7714844633
10.8529665983, 106.7714839183
10.8529622983, 106.7714832883
10.8529585033, 106.7714826667
10.8529547183, 106.7714821950
10.8529510833, 106.7714819683
10.8529482067, 106.7714819167
10.8529443867, 106.7714814900
10.8529406600, 106.7714811250
10.8529375533, 106.7714807717
10.8529344683, 106.7714803883
10.8529313800, 106.7714799050
10.8529282967, 106.7714796917
10.8529257683, 106.7714792367
10.8529231983, 106.7714788617
10.8529194000, 106.7714787333
10.8529167600, 106.7714785850
10.8529134233, 106.7714781017
10.8529099483, 106.7714776667
10.8529073567, 106.7714774067
10.8529032367, 106.7714768000
10.8529005433, 106.7714764933
10.8528974000, 106.7714762533
10.8528937517, 106.7714761100
10.8528904933, 106.7714752550
10.8528871517, 106.7714747133
10.8528842700, 106.7714744383
10.8528806583, 106.7714740383
10.8528768533, 106.7714736150
10.8528722600, 106.7714729317
10.8528609950, 106.7714740267
10.8528563083, 106.7714730550
10.8528520600, 106.7714723550
10.8528484317, 106.7714716417
10.8528449067, 106.7714707417
10.8528421367, 106.7714704017
10.8528386533, 106.7714695550
10.8528359283, 106.7714688983
10.8528317617, 106.7714681117
10.8528291683, 106.7714678050
10.8528251517, 106.7714671167
10.8528210350, 106.7714662900
10.8528175350, 106.7714656917
10.8528141083, 106.7714652850
10.8528105767, 106.7714647350
10.8528070750, 106.7714640667
10.8528022450, 106.7714633983
10.8527985650, 106.7714630967
10.8527951167, 106.7714627000
10.8527916183, 106.7714623400
10.8527873817, 106.7714616700
10.8527841550, 106.7714612900
10.8527810917, 106.7714610233
10.8527779333, 106.7714606500
10.8527748433, 106.7714605783
10.8527718300, 106.7714603817
10.8527688717, 106.7714602617
10.8527657900, 106.7714600300
10.8527628267, 106.7714598083
10.8527604083, 106.7714598417
10.8527571700, 106.7714597000
10.8527540133, 106.7714594683
10.8527505250, 106.7714592600
10.8527479517, 106.7714591817
10.8527462733, 106.7714591267
10.8527447417, 106.7714589833
10.8527425933, 106.7714587417
10.8527407350, 106.7714585117
10.8527380967, 106.7714582750
10.8527359200, 106.7714581967
10.8527335867, 106.7714578600
10.8527300200, 106.7714573417
10.8527263950, 106.7714569383
10.8527233800, 106.7714565900
10.8527202200, 106.7714561467
10.8527177100, 106.7714558283
10.8527152033, 106.7714555383
10.8527119917, 106.7714552717
10.8527092600, 106.7714548900
10.8527057783, 106.7714543417
10.8527024550, 106.7714540250
10.8526982367, 106.7714535917
10.8526945533, 106.7714530417
10.8526907817, 106.7714526467
10.8526878700, 106.7714523117
10.8526833050, 106.7714518367
10.8526800967, 106.7714513950
10.8526762683, 106.7714511900
10.8526723633, 106.7714507300
10.8526686167, 106.7714503183
10.8526649717, 106.7714501050
10.8526613500, 106.7714500317
10.8526577883, 106.7714496450
10.8526534500, 106.7714488667
10.8526492833, 106.7714481817
10.8526459183, 106.7714478400
10.8526365150, 106.7714448800
10.8526325350, 106.7714441983
10.8526294600, 106.7714437900
10.8526262833, 106.7714434483
10.8526230683, 106.7714436083
10.8526192600, 106.7714436767
10.8526149283, 106.7714431433
10.8526114733, 106.7714428167
10.8526073167, 106.7714424450
10.8526031617, 106.7714418750
10.8525990883, 106.7714415783
10.8525950733, 106.7714407983
10.8525911617, 106.7714402917
10.8525861550, 106.7714393583
10.8525824067, 106.7714391350
10.8525795767, 106.7714388433
10.8525757467, 106.7714385717
10.8525729433, 106.7714386383
10.8525684633, 106.7714380650
10.8525654000, 106.7714377783
10.8525614800, 106.7714374683
10.8525574733, 106.7714369833
10.8525534217, 106.7714368367
10.8525493050, 106.7714364300
10.8525449433, 106.7714359017
10.8525407667, 106.7714353700
10.8525363483, 106.7714349233
10.8525326650, 106.7714343433
10.8525263000, 106.7714336483
10.8525226067, 106.7714334133
10.8525179917, 106.7714326200
10.8525133817, 106.7714321633
10.8525087850, 106.7714315817
10.8525041517, 106.7714309950
10.8524984633, 106.7714302783
10.8524938350, 106.7714297850
10.8524892117, 106.7714294633
10.8524846733, 106.7714286617
10.8524801000, 106.7714279233
10.8524757400, 106.7714276533
10.8524715583, 106.7714274533
10.8524681433, 106.7714272450
10.8524631533, 106.7714272117
10.8524592050, 106.7714271567
10.8524553600, 106.7714270217
10.8524507650, 106.7714268717
10.8524463300, 106.7714264700
10.8524426033, 106.7714263433
10.8524394783, 106.7714261833
10.8524347750, 106.7714259150
10.8524307183, 106.7714254617
10.8524266633, 106.7714249000
10.8524232867, 106.7714243517
10.8524191067, 106.7714235567
10.8524152917, 106.7714227817
10.8524116350, 106.7714221917
10.8524083017, 106.7714215517
10.8524046883, 106.7714211733
10.8524021550, 106.7714208200
10.8523998300, 106.7714204300
10.8523975833, 106.7714201217
10.8523958100, 106.7714200083
10.8523933033, 106.7714195117
10.8523911750, 106.7714190800
10.8523889517, 106.7714188450
10.8523859033, 106.7714185433
10.8523820833, 106.7714178883
10.8523789633, 106.7714177767
10.8523757600, 106.7714176583
10.8523725600, 106.7714176433
10.8523701883, 106.7714177467
10.8523669317, 106.7714178600
10.8523634067, 106.7714183100
10.8523600783, 106.7714188600
10.8523556667, 106.7714194233
10.8523521000, 106.7714196533
10.8523485050, 106.7714204033
10.8523447317, 106.7714213200
10.8523409550, 106.7714216600
10.8523373300, 106.7714221400
10.8523337833, 106.7714223100
10.8523295283, 106.7714221800
10.8523264717, 106.7714223117
10.8523226783, 106.7714221867
10.8523196900, 106.7714220617
10.8523160067, 106.7714216450
10.8523114067, 106.7714210767
10.8523068583, 106.7714201817
10.8523036683, 106.7714195283
10.8523004850, 106.7714190783
10.8522959283, 106.7714177550
10.8522923033, 106.7714166867
10.8522893300, 106.7714156500
10.8522857850, 106.7714144083
10.8522818767, 106.7714129750
10.8522794867, 106.7714119667
10.8522767133, 106.7714108000
10.8522745150, 106.7714100000
10.8522709433, 106.7714086583
10.8522685883, 106.7714076083
10.8522664350, 106.7714068933
10.8522647550, 106.7714063800
10.8522626583, 106.7714055567
10.8522605883, 106.7714047567
10.8522585600, 106.7714042283
10.8522559217, 106.7714034883
10.8522529817, 106.7714026150
10.8522505733, 106.7714020650
10.8522476583, 106.7714011950
10.8522379350, 106.7714003700
10.8522351150, 106.7714002450
10.8522323183, 106.7713995983
10.8522298917, 106.7713996383
10.8522274267, 106.7713992817
10.8522251083, 106.7713988933
10.8522228017, 106.7713988667
10.8522203367, 106.7713984917
10.8522178983, 106.7713983433
10.8522152067, 106.7713980983
10.8522122600, 106.7713974767
10.8522084967, 106.7713965500
10.8522050383, 106.7713954950
10.8522012100, 106.7713938333
10.8521974850, 106.7713920883
10.8521934933, 106.7713898700
10.8521893733, 106.7713873917
10.8521852817, 106.7713854033
10.8521803333, 106.7713827883
10.8521770550, 106.7713814317
10.8521726933, 106.7713800167
10.8521686233, 106.7713786900
10.8521649233, 106.7713778133
10.8521616050, 106.7713770717
10.8521581167, 106.7713766783
10.8521553000, 106.7713763300
10.8521531800, 106.7713761600
10.8521514633, 106.7713757950
10.8521496100, 106.7713754833
10.8521481417, 106.7713751217
10.8521469417, 106.7713749250
10.8521461067, 106.7713750067
