10.8532423383,106.7715303633
10.8532422583,106.7715303433
10.8532446933,106.7715308167
10.8532525250,106.7715310750
10.8532648633,106.7715323617
10.8532794350,106.7715339867
10.8532954017,106.7715356033
10.8533104750,106.7715369650
10.8533268800,106.7715390017
10.8533439283,106.7715411367
10.8533636333,106.7715425783
10.8533813900,106.7715451250
10.8533999367,106.7715474050
10.8534176583,106.7715490983
10.8534352950,106.7715509083
10.8534521850,106.7715531500
10.8534703200,106.7715548150
10.8534885950,106.7715569433
10.8535093883,106.7715598267
10.8535279683,106.7715621583
10.8535488250,106.7715644450
10.8535669967,106.7715656767
10.8535849067,106.7715672333
10.8536002267,106.7715689267
10.8536149533,106.7715713317
10.8536273233,106.7715742167
10.8536387033,106.7715775567
10.8536481100,106.7715831500
10.8536559433,106.7715909350
10.8536612333,106.7716013050
10.8536641417,106.7716154550
10.8536638083,106.7716301833
10.8536623933,106.7716495300
10.8536604167,106.7716665383
10.8536582883,106.7716845967
10.8536560200,106.7717016200
10.8536538367,106.7717192217
10.8536517667,106.7717374967
10.8536508800,106.7717536117
10.8536482967,106.7717698133
10.8536461883,106.7717900783
10.8536436250,106.7718124567
10.8536411983,106.7718345150
10.8536387283,106.7718562383
10.8536366800,106.7718774683
10.8536339717,106.7718981983
10.8536311850,106.7719189433
10.8536281817,106.7719433650
10.8536257567,106.7719664000
10.8536233650,106.7719900183
10.8536211333,106.7720085900
10.8536182600,106.7720313267
10.8536159450,106.7720524250
10.8536139017,106.7720736717
10.8536117050,106.7720964150
10.8536088050,106.7721186850
10.8536054483,106.7721413767
10.8536016933,106.7721653300
10.8535987283,106.7721881333
10.8535955917,106.7722093133
10.8535917317,106.7722344533
10.8535885283,106.7722547683
10.8535852167,106.7722764217
10.8535810383,106.7722983233
10.8535774100,106.7723197633
10.8535734733,106.7723416700
10.8535705183,106.7723605083
10.8535674700,106.7723810367
10.8535647183,106.7723994217
10.8535613183,106.7724175417
10.8535579733,106.7724343817
10.8535552667,106.7724519167
10.8535522550,106.7724693767
10.8535494200,106.7724849800
10.8535467000,106.7724997617
10.8535434100,106.7725142383
10.8535393483,106.7725273233
10.8535337083,106.7725384700
10.8535266517,106.7725481033
10.8535174150,106.7725546017
10.8535044067,106.7725591050
10.8534886250,106.7725618783
10.8534711633,106.7725610633
10.8534528333,106.7725597000
10.8534345833,106.7725582617
10.8534164433,106.7725563417
10.8533976267,106.7725542633
10.8533797467,106.7725534183
10.8533612267,106.7725521483
10.8533438433,106.7725524033
10.8533272100,106.7725523433
10.8533108867,106.7725543350
10.8532962100,106.7725595650
10.8532832517,106.7725677317
10.8532729600,106.7725792550
10.8532654950,106.7725928283
10.8532569950,106.7726024883
10.8532545300,106.7726169317
10.8532529683,106.7726321100
10.8532509317,106.7726486983
10.8532485567,106.7726664967
10.8532462600,106.7726835700
10.8532440250,106.7727007650
10.8532420550,106.7727167167
10.8532404117,106.7727313400
10.8532389417,106.7727459250
10.8532375550,106.7727616400
10.8532362750,106.7727777433
10.8532344283,106.7727950233
10.8532324367,106.7728111433
10.8532308500,106.7728250333
10.8532274800,106.7728392983
10.8532220867,106.7728522783
10.8532133833,106.7728644733
10.8531992217,106.7728758967
10.8531833200,106.7728828333
10.8531656733,106.7728860950
10.8531471050,106.7728863133
10.8531286583,106.7728850800
10.8531104367,106.7728833200
10.8530911800,106.7728805500
10.8530723567,106.7728784967
10.8530507167,106.7728753800
10.8530315050,106.7728730267
10.8530103000,106.7728707783
10.8529894483,106.7728690017
10.8529695733,106.7728671417
10.8529494183,106.7728650400
10.8529295333,106.7728627450
10.8529099200,106.7728598700
10.8528871700,106.7728571067
10.8528667033,106.7728553250
10.8528433267,106.7728525167
10.8528223900,106.7728496317
10.8527993517,106.7728469750
10.8527777333,106.7728446383
10.8527549950,106.7728416167
10.8527327367,106.7728390050
10.8527106983,106.7728365233
10.8526901800,106.7728343667
10.8526683867,106.7728317533
10.8526466950,106.7728291083
10.8526252567,106.7728271033
10.8526059317,106.7728248450
10.8525824150,106.7728217733
10.8525612250,106.7728192900
10.8525394333,106.7728165917
10.8525172000,106.7728140567
10.8524943267,106.7728116000
10.8524708883,106.7728089233
10.8524472767,106.7728060783
10.8524228217,106.7728032350
10.8523995967,106.7728002000
10.8523790767,106.7727978900
10.8523596600,106.7727961367
10.8523416500,106.7727934600
10.8523216050,106.7727918950
10.8523042350,106.7727906750
10.8522869900,106.7727878000
10.8522716033,106.7727869683
10.8522534267,106.7727874150
10.8522359817,106.7727881583
10.8522146133,106.7727879900
10.8521940300,106.7727857733
10.8521736200,106.7727817533
10.8521528117,106.7727767067
10.8521316700,106.7727720583
10.8521112850,106.7727686983
10.8520865067,106.7727649967
10.8520629350,106.7727619283
10.8520405983,106.7727591883
10.8520191600,106.7727563217
10.8519985817,106.7727541433
10.8519811200,106.7727520417
10.8519623200,106.7727502833
10.8519447400,106.7727483867
10.8519216733,106.7727458650
10.8519001000,106.7727432217
10.8518748250,106.7727399500
10.8518523050,106.7727370567
10.8518260217,106.7727337033
10.8518037650,106.7727315500
10.8517809733,106.7727285983
10.8517593050,106.7727257867
10.8517385733,106.7727229883
10.8517177967,106.7727202650
10.8516954983,106.7727182367
10.8516751550,106.7727158033
10.8516513233,106.7727134267
10.8516307833,106.7727117250
10.8516084150,106.7727080150
10.8515882200,106.7727056683
10.8515642633,106.7727030917
10.8515416483,106.7727007917
10.8515210967,106.7726987583
10.8514994017,106.7726967400
10.8514766200,106.7726942450
10.8514573033,106.7726911300
10.8514354033,106.7726891133
10.8514139833,106.7726869067
10.8513928050,106.7726844883
10.8513726983,106.7726826300
10.8513546800,106.7726809600
10.8513392033,106.7726794583
10.8513224567,106.7726771550
10.8513087733,106.7726749917
10.8512935267,106.7726697400
10.8512792117,106.7726620417
10.8512662933,106.7726489117
10.8512580917,106.7726316217
10.8512543200,106.7726113533
10.8512532417,106.7725894033
10.8512546983,106.7725667067
10.8512569350,106.7725433383
10.8512597867,106.7725175900
10.8512619683,106.7724947467
10.8512648917,106.7724688950
10.8512672900,106.7724462983
10.8512697917,106.7724209833
10.8512725533,106.7723959767
10.8512755867,106.7723703883
10.8512781233,106.7723499100
10.8512805933,106.7723295800
10.8512826033,106.7723099550
10.8512841550,106.7722910633
10.8512854350,106.7722721733
10.8512874183,106.7722513383
10.8512888783,106.7722327583
10.8512911750,106.7722100267
10.8512937117,106.7721889283
10.8512969833,106.7721651867
10.8513000083,106.7721411683
10.8513029100,106.7721158800
10.8513054067,106.7720943383
10.8513082267,106.7720704717
10.8513104483,106.7720506450
10.8513126767,106.7720301900
10.8513145067,106.7720098117
10.8513163400,106.7719882583
10.8513178283,106.7719676900
10.8513198567,106.7719468350
10.8513219683,106.7719266817
10.8513247883,106.7719024267
10.8513276283,106.7718807083
10.8513313983,106.7718559617
10.8513355917,106.7718343167
10.8513412150,106.7718090950
10.8513467183,106.7717863200
10.8513534283,106.7717603467
10.8513592167,106.7717382783
10.8513650183,106.7717148700
10.8513711800,106.7716911850
10.8513778633,106.7716666300
10.8513843967,106.7716432267
10.8513918867,106.7716181333
10.8513991917,106.7715934817
10.8514059617,106.7715707833
10.8514122700,106.7715495800
10.8514182517,106.7715284533
10.8514226000,106.7715059850
10.8514248167,106.7714834300
10.8514252417,106.7714609783
10.8514260133,106.7714388683
10.8514286567,106.7714170817
10.8514340750,106.7713962617
10.8514417567,106.7713766067
10.8514527567,106.7713596033
10.8514667317,106.7713468367
10.8514837183,106.7713377467
10.8515028450,106.7713331850
10.8515229517,106.7713333200
10.8515446050,106.7713347567
10.8515670850,106.7713370483
10.8515923233,106.7713390983
10.8516179117,106.7713419467
10.8516399817,106.7713442400
10.8516645767,106.7713471450
10.8516888400,106.7713498883
10.8517140400,106.7713523467
10.8517379967,106.7713557767
10.8517653700,106.7713590283
10.8517908883,106.7713622100
10.8518160967,106.7713651083
10.8518396150,106.7713675667
10.8518665983,106.7713706917
10.8518896083,106.7713729367
10.8519148150,106.7713756033
10.8519399600,106.7713788683
10.8519671150,106.7713821350
10.8519908450,106.7713846683
10.8520169133,106.7713876817
10.8520416967,106.7713903667
10.8520684833,106.7713929617
10.8520950367,106.7713959067
10.8521209317,106.7713994100
10.8521468333,106.7714021067
10.8521729550,106.7714049900
10.8521974783,106.7714067683
10.8522221367,106.7714099533
10.8522505417,106.7714132150
10.8522770850,106.7714163150
10.8523039967,106.7714196117
10.8523312133,106.7714228517
10.8523581050,106.7714262100
10.8523833367,106.7714289883
10.8524121167,106.7714332567
10.8524382800,106.7714362683
10.8524639617,106.7714392233
10.8524897933,106.7714422233
10.8525148333,106.7714449100
10.8525397300,106.7714482983
10.8525648000,106.7714515333
10.8525907067,106.7714543600
10.8526173817,106.7714573317
10.8526433883,106.7714598567
10.8526689500,106.7714626350
10.8526947350,106.7714649650
10.8527194583,106.7714677533
10.8527463783,106.7714710417
10.8527734850,106.7714739500
10.8527999617,106.7714777283
10.8528240483,106.7714812000
10.8528500200,106.7714849417
10.8528763717,106.7714879317
10.8529022850,106.7714914700
10.8529268883,106.7714941200
10.8529555533,106.7714965517
10.8529817483,106.7715000683
10.8530056117,106.7715027633
10.8530326650,106.7715058967
10.8530584733,106.7715087250
10.8530854650,106.7715112117
10.8531138483,106.7715147433
10.8531400733,106.7715181000
10.8531660133,106.7715209817
10.8531904667,106.7715246950
10.8532107967,106.7715270483
10.8532295550,106.7715294017
10.8532457467,106.7715314450
10.8532570967,106.7715329417
10.8532627500,106.7715338833
10.8532633500,106.7715339250
